0.000000 0.000000 0.000000 0.000000 0.000000 0.000000 0.000000 0.000000 0.000000 0.000000 0.000000 0.000000 0.000000 0.000000 0.000000 0.000000 0.000000 0.000000 0.000000 0.000000 0.000000 0.000000 0.000000 0.000000 0.000000 0.000000 0.000000 0.000000 0.000000 0.000000 0.000000 0.000000 0.000000 0.000000 0.000000 0.000000 0.000000 0.000000 0.000000 0.000000 0.000000 0.000000 0.000000 0.000000 0.000000 0.000000 0.000000 0.000000 0.000000 0.000000 0.000000 0.000000 0.000000
0.000000 -0.000000 0.020000 0.040000 0.040000 0.050000 0.050000 0.020000 0.070000 0.050000 0.020000 0.040000 0.060000 0.070000 0.090000 0.050000 -0.015100 0.044900 0.014900 -0.030100 0.029900 0.079900 0.019900 0.029900 0.024900 0.024900 -0.010100 -0.005100 0.054900 0.119900 0.099900 0.219900 0.114900 0.064900 0.109900 0.164900 0.224900 0.209700 0.179700 0.139700 0.099700 0.159700 0.139700 0.139700 0.149700 0.239700 0.269700 0.269700 0.309700 0.339700 0.349700 0.429700 0.000000
0.000000 -0.084500 -0.094500 -0.074500 -0.024500 -0.014500 0.035500 -0.004500 0.035500 -0.004500 -0.024500 0.025500 0.015500 0.025500 0.025500 0.025500 0.036300 0.096300 0.066300 0.026300 0.081300 0.156300 0.111300 0.126300 0.116300 0.101300 0.076300 0.116300 0.161300 0.201300 0.156300 0.261300 0.186300 0.131300 0.181300 0.226300 0.301300 0.297100 0.277100 0.267100 0.247100 0.287100 0.267100 0.277100 0.307100 0.317100 0.317100 0.327100 0.327100 0.357100 0.377100 0.397100 0.000000
0.000000 0.051100 0.031100 0.041100 0.041100 0.111100 0.111100 0.091100 0.101100 0.051100 0.051100 0.091100 0.111100 0.131100 0.141100 0.091100 0.107800 0.157800 0.127800 0.072800 0.137800 0.202800 0.162800 0.157800 0.157800 0.152800 0.137800 0.192800 0.217800 0.232800 0.182800 0.267800 0.177800 0.127800 0.202800 0.257800 0.317800 0.274500 0.204500 0.204500 0.184500 0.224500 0.224500 0.264500 0.314500 0.334500 0.374500 0.414500 0.404500 0.404500 0.454500 0.574500 0.000000
0.000000 -0.053400 -0.053400 -0.013400 -0.003400 0.026600 0.026600 0.006600 0.066600 0.036600 -0.003400 0.026600 0.066600 0.106600 0.146600 0.106600 0.099200 0.139200 0.124200 0.099200 0.174200 0.224200 0.179200 0.174200 0.169200 0.159200 0.149200 0.209200 0.244200 0.279200 0.239200 0.329200 0.254200 0.244200 0.304200 0.344200 0.424200 0.431800 0.411800 0.401800 0.391800 0.421800 0.411800 0.421800 0.451800 0.481800 0.511800 0.521800 0.531800 0.561800 0.571800 0.661800 0.000000
0.000000 0.112100 0.102100 0.112100 0.112100 0.102100 0.072100 0.072100 0.142100 0.102100 0.062100 0.102100 0.122100 0.162100 0.152100 0.132100 0.085700 0.135700 0.135700 0.130700 0.200700 0.240700 0.200700 0.230700 0.245700 0.235700 0.215700 0.250700 0.300700 0.340700 0.295700 0.375700 0.275700 0.245700 0.320700 0.355700 0.435700 0.419200 0.389200 0.399200 0.379200 0.389200 0.389200 0.409200 0.459200 0.479200 0.509200 0.519200 0.549200 0.569200 0.589200 0.659200 0.000000
0.000000 0.037700 0.047700 0.027700 0.067700 0.097700 0.087700 0.047700 0.107700 0.057700 0.017700 0.057700 0.087700 0.107700 0.107700 0.087700 0.167100 0.197100 0.222100 0.192100 0.252100 0.317100 0.282100 0.277100 0.252100 0.257100 0.257100 0.277100 0.307100 0.317100 0.302100 0.367100 0.267100 0.222100 0.307100 0.362100 0.447100 0.446600 0.336600 0.416600 0.396600 0.426600 0.396600 0.416600 0.436600 0.466600 0.486600 0.496600 0.506600 0.546600 0.576600 0.686600 0.000000
0.000000 0.013200 0.063200 0.033200 0.053200 0.083200 0.093200 0.063200 0.113200 0.083200 0.013200 0.053200 0.063200 0.103200 0.133200 0.103200 0.113600 0.198600 0.203600 0.163600 0.223600 0.283600 0.258600 0.298600 0.263600 0.253600 0.233600 0.263600 0.298600 0.303600 0.278600 0.363600 0.253600 0.193600 0.273600 0.333600 0.398600 0.323900 0.273900 0.303900 0.333900 0.363900 0.343900 0.393900 0.453900 0.463900 0.503900 0.513900 0.523900 0.573900 0.633900 0.713900 0.000000
0.000000 0.018800 0.028800 0.018800 0.028800 0.058800 0.068800 0.038800 0.108800 0.068800 0.038800 0.058800 0.068800 0.108800 0.148800 0.118800 0.115000 0.175000 0.160000 0.125000 0.170000 0.240000 0.230000 0.255000 0.255000 0.250000 0.260000 0.310000 0.325000 0.375000 0.335000 0.420000 0.310000 0.260000 0.335000 0.390000 0.455000 0.471300 0.411300 0.391300 0.401300 0.421300 0.351300 0.321300 0.391300 0.371300 0.461300 0.501300 0.521300 0.661300 0.681300 0.771300 0.000000
0.000000 0.004300 0.014300 0.024300 0.034300 0.044300 0.054300 0.024300 0.094300 0.074300 0.014300 -0.005700 0.024300 0.074300 0.114300 0.104300 0.141500 0.211500 0.196500 0.136500 0.181500 0.266500 0.246500 0.266500 0.241500 0.226500 0.251500 0.296500 0.301500 0.321500 0.271500 0.361500 0.251500 0.216500 0.306500 0.341500 0.406500 0.328700 0.278700 0.368700 0.378700 0.458700 0.418700 0.388700 0.418700 0.448700 0.468700 0.488700 0.508700 0.558700 0.638700 0.758700 0.000000
0.000000 -0.080200 -0.080200 -0.040200 -0.020200 -0.000200 -0.000200 -0.030200 0.059800 0.009800 -0.050200 -0.000200 0.029800 0.099800 0.149800 0.139800 0.157900 0.222900 0.207900 0.147900 0.212900 0.262900 0.222900 0.237900 0.187900 0.187900 0.217900 0.287900 0.312900 0.332900 0.267900 0.347900 0.262900 0.232900 0.322900 0.377900 0.457900 0.466100 0.416100 0.426100 0.406100 0.436100 0.426100 0.406100 0.436100 0.456100 0.526100 0.566100 0.596100 0.616100 0.656100 0.776100 0.000000
0.000000 -0.034600 -0.044600 -0.024600 0.015400 0.015400 -0.004600 -0.054600 0.035400 0.025400 -0.034600 -0.024600 -0.004600 0.035400 0.085400 0.085400 0.139400 0.169400 0.144400 0.104400 0.194400 0.269400 0.214400 0.244400 0.229400 0.229400 0.204400 0.244400 0.294400 0.329400 0.279400 0.379400 0.274400 0.244400 0.309400 0.354400 0.424400 0.393400 0.373400 0.393400 0.383400 0.443400 0.453400 0.493400 0.533400 0.543400 0.533400 0.543400 0.573400 0.573400 0.623400 0.743400 0.000000
0.000000 -0.049100 -0.059100 -0.069100 -0.059100 -0.059100 -0.019100 -0.009100 0.060900 0.060900 0.010900 0.030900 0.050900 0.090900 0.120900 0.080900 0.105900 0.160900 0.130900 0.105900 0.180900 0.260900 0.195900 0.210900 0.180900 0.190900 0.205900 0.250900 0.280900 0.315900 0.285900 0.385900 0.280900 0.225900 0.280900 0.340900 0.430900 0.450800 0.410800 0.430800 0.390800 0.400800 0.370800 0.380800 0.420800 0.440800 0.510800 0.580800 0.620800 0.650800 0.700800 0.810800 0.000000
0.000000 -0.023600 0.006400 0.056400 0.076400 0.026400 0.026400 0.026400 0.066400 0.046400 -0.033600 -0.013600 0.006400 0.056400 0.126400 0.096400 0.177300 0.237300 0.217300 0.197300 0.252300 0.322300 0.287300 0.342300 0.332300 0.332300 0.337300 0.372300 0.402300 0.452300 0.397300 0.472300 0.367300 0.327300 0.387300 0.457300 0.537300 0.618200 0.558200 0.568200 0.568200 0.598200 0.568200 0.568200 0.608200 0.628200 0.658200 0.688200 0.708200 0.738200 0.788200 0.908200 0.000000
0.000000 -0.098000 -0.018000 0.002000 0.012000 -0.018000 -0.018000 -0.018000 0.012000 -0.008000 -0.048000 -0.018000 0.012000 0.062000 0.122000 0.102000 0.128800 0.218800 0.218800 0.208800 0.258800 0.353800 0.318800 0.378800 0.378800 0.343800 0.343800 0.368800 0.408800 0.443800 0.393800 0.468800 0.373800 0.343800 0.418800 0.468800 0.538800 0.585500 0.545500 0.565500 0.565500 0.575500 0.565500 0.605500 0.635500 0.645500 0.675500 0.715500 0.755500 0.795500 0.845500 0.955500 0.000000
0.000000 -0.252500 -0.162500 -0.082500 -0.012500 -0.032500 -0.042500 -0.082500 -0.052500 -0.052500 -0.082500 -0.062500 -0.052500 0.017500 0.087500 0.047500 0.190200 0.275200 0.280200 0.260200 0.305200 0.360200 0.285200 0.345200 0.390200 0.370200 0.385200 0.390200 0.415200 0.445200 0.405200 0.500200 0.390200 0.350200 0.410200 0.475200 0.545200 0.602900 0.552900 0.582900 0.572900 0.562900 0.552900 0.582900 0.602900 0.642900 0.642900 0.712900 0.762900 0.752900 0.782900 0.882900 0.000000
0.000000 -0.032400 0.002600 0.017600 0.012600 0.027600 0.062600 0.067600 0.107600 0.127600 0.087600 0.122600 0.157600 0.172600 0.227600 0.207600 0.284200 0.351700 0.359200 0.331700 0.399200 0.484200 0.446700 0.496700 0.454200 0.436700 0.451700 0.479200 0.506700 0.534200 0.484200 0.566700 0.481700 0.436700 0.501700 0.559200 0.641700 0.710800 0.650800 0.685800 0.685800 0.670800 0.670800 0.680800 0.725800 0.745800 0.790800 0.795800 0.820800 0.875800 0.940800 1.055800 0.000000
0.000000 -0.110100 -0.060100 -0.040100 -0.020100 0.014900 0.049900 0.054900 0.109900 0.119900 0.054900 0.079900 0.099900 0.114900 0.199900 0.184900 0.254100 0.339100 0.316600 0.291600 0.339100 0.426600 0.381600 0.404100 0.389100 0.389100 0.426600 0.471600 0.511600 0.534100 0.469100 0.541600 0.441600 0.411600 0.471600 0.529100 0.594100 0.628300 0.608300 0.633300 0.623300 0.663300 0.658300 0.628300 0.663300 0.718300 0.758300 0.798300 0.828300 0.858300 0.913300 1.043300 0.000000
0.000000 -0.002800 0.017200 0.007200 0.017200 0.052200 0.062200 0.052200 0.087200 0.082200 0.047200 0.067200 0.107200 0.142200 0.177200 0.147200 0.236500 0.331500 0.296500 0.264000 0.316500 0.411500 0.369000 0.414000 0.391500 0.399000 0.421500 0.456500 0.486500 0.511500 0.459000 0.549000 0.446500 0.389000 0.454000 0.514000 0.591500 0.665800 0.625800 0.615800 0.525800 0.545800 0.520800 0.510800 0.545800 0.570800 0.590800 0.650800 0.685800 0.750800 0.785800 0.915800 0.000000
0.000000 -0.165500 -0.100500 -0.080500 -0.030500 0.024500 0.004500 0.004500 0.044500 0.054500 0.024500 0.044500 0.039500 0.074500 0.119500 0.084500 0.183900 0.288900 0.283900 0.258900 0.313900 0.398900 0.356400 0.383900 0.368900 0.361400 0.388900 0.423900 0.451400 0.456400 0.393900 0.481400 0.393900 0.348900 0.428900 0.473900 0.543900 0.593300 0.568300 0.578300 0.558300 0.578300 0.573300 0.588300 0.628300 0.648300 0.698300 0.743300 0.758300 0.793300 0.843300 0.943300 0.000000
0.000000 -0.078300 -0.028300 -0.023300 -0.008300 0.016700 0.031700 0.031700 0.066700 0.076700 0.051700 0.071700 0.106700 0.126700 0.156700 0.146700 0.201300 0.278800 0.271300 0.228800 0.286300 0.391300 0.348800 0.366300 0.376300 0.343800 0.373800 0.408800 0.436300 0.456300 0.403800 0.473800 0.361300 0.306300 0.363800 0.406300 0.483800 0.530800 0.520800 0.550800 0.535800 0.580800 0.565800 0.545800 0.580800 0.640800 0.690800 0.705800 0.705800 0.750800 0.815800 0.935800 0.000000
0.000000 -0.126000 -0.081000 -0.081000 -0.066000 -0.016000 0.004000 -0.026000 0.029000 0.009000 -0.016000 0.009000 0.034000 0.054000 0.094000 0.049000 0.086200 0.188700 0.196200 0.136200 0.183700 0.293700 0.243700 0.266200 0.268700 0.286200 0.301200 0.328700 0.343700 0.356200 0.323700 0.398700 0.303700 0.281200 0.368700 0.426200 0.488700 0.503300 0.503300 0.548300 0.563300 0.603300 0.578300 0.593300 0.623300 0.673300 0.703300 0.718300 0.733300 0.768300 0.808300 0.928300 0.000000
0.000000 -0.198700 -0.178700 -0.153700 -0.113700 -0.063700 -0.018700 -0.003700 0.031300 0.001300 -0.048700 -0.048700 -0.023700 0.036300 0.061300 0.051300 0.108600 0.188600 0.211100 0.158600 0.201100 0.296100 0.253600 0.278600 0.251100 0.263600 0.293600 0.318600 0.326100 0.361100 0.321100 0.393600 0.301100 0.263600 0.331100 0.376100 0.451100 0.485800 0.480800 0.525800 0.535800 0.570800 0.555800 0.560800 0.590800 0.655800 0.715800 0.755800 0.780800 0.835800 0.885800 0.995800 0.000000
0.000000 -0.241400 -0.241400 -0.171400 -0.136400 -0.091400 -0.081400 -0.106400 -0.051400 -0.066400 -0.111400 -0.116400 -0.086400 -0.011400 0.043600 0.033600 0.081000 0.151000 0.166000 0.116000 0.178500 0.241000 0.196000 0.226000 0.216000 0.243500 0.248500 0.288500 0.308500 0.291000 0.231000 0.321000 0.218500 0.201000 0.281000 0.341000 0.431000 0.478300 0.463300 0.483300 0.463300 0.513300 0.538300 0.508300 0.563300 0.618300 0.668300 0.713300 0.758300 0.788300 0.833300 0.938300 0.000000
0.000000 -0.259100 -0.224100 -0.209100 -0.154100 -0.144100 -0.084100 -0.084100 -0.054100 -0.069100 -0.089100 -0.079100 -0.049100 0.000900 0.050900 0.025900 0.065900 0.135900 0.153400 0.105900 0.160900 0.235900 0.183400 0.225900 0.220900 0.238400 0.238400 0.263400 0.298400 0.313400 0.275900 0.353400 0.253400 0.195900 0.273400 0.343400 0.430900 0.450800 0.425800 0.455800 0.475800 0.520800 0.520800 0.540800 0.595800 0.650800 0.695800 0.700800 0.730800 0.780800 0.830800 0.930800 0.000000
0.000000 -0.286900 -0.286900 -0.266900 -0.221900 -0.186900 -0.151900 -0.201900 -0.131900 -0.121900 -0.161900 -0.136900 -0.111900 -0.021900 0.028100 0.013100 0.030700 0.095700 0.128200 0.088200 0.143200 0.190700 0.145700 0.188200 0.193200 0.215700 0.233200 0.258200 0.280700 0.303200 0.250700 0.328200 0.220700 0.185700 0.285700 0.350700 0.418200 0.468300 0.468300 0.483300 0.473300 0.508300 0.518300 0.538300 0.568300 0.593300 0.643300 0.708300 0.733300 0.778300 0.808300 0.938300 0.000000
0.000000 -0.399600 -0.324600 -0.284600 -0.229600 -0.194600 -0.194600 -0.209600 -0.159600 -0.164600 -0.199600 -0.169600 -0.144600 -0.059600 0.005400 -0.004600 0.008100 0.065600 0.080600 0.053100 0.123100 0.190600 0.143100 0.183100 0.183100 0.178100 0.178100 0.203100 0.248100 0.270600 0.223100 0.315600 0.208100 0.173100 0.238100 0.300600 0.365600 0.425800 0.425800 0.465800 0.460800 0.495800 0.505800 0.530800 0.600800 0.635800 0.685800 0.700800 0.730800 0.765800 0.800800 0.895800 0.000000
0.000000 -0.367300 -0.342300 -0.327300 -0.292300 -0.247300 -0.207300 -0.212300 -0.147300 -0.142300 -0.182300 -0.147300 -0.132300 -0.087300 -0.042300 -0.052300 -0.047000 -0.002000 0.013000 0.000500 0.070500 0.130500 0.090500 0.130500 0.140500 0.140500 0.135500 0.170500 0.193000 0.208000 0.175500 0.275500 0.170500 0.128000 0.205500 0.263000 0.343000 0.403400 0.393400 0.438400 0.418400 0.453400 0.453400 0.493400 0.558400 0.598400 0.638400 0.658400 0.678400 0.708400 0.748400 0.838400 0.000000
0.000000 -0.425000 -0.385000 -0.370000 -0.320000 -0.270000 -0.245000 -0.270000 -0.215000 -0.200000 -0.235000 -0.220000 -0.185000 -0.145000 -0.110000 -0.120000 -0.069600 -0.017100 0.002900 -0.039600 0.022900 0.107900 0.065400 0.120400 0.117900 0.102900 0.090400 0.130400 0.147900 0.160400 0.142900 0.247900 0.147900 0.097900 0.182900 0.247900 0.330400 0.385900 0.390900 0.430900 0.435900 0.465900 0.470900 0.490900 0.540900 0.565900 0.600900 0.615900 0.630900 0.670900 0.740900 0.835900 0.000000
0.000000 -0.447800 -0.367800 -0.317800 -0.297800 -0.297800 -0.297800 -0.322800 -0.242800 -0.197800 -0.212800 -0.192800 -0.182800 -0.162800 -0.112800 -0.132800 -0.109700 -0.039700 -0.019700 -0.044700 0.005300 0.095300 0.057800 0.112800 0.112800 0.102800 0.122800 0.145300 0.180300 0.212800 0.192800 0.275300 0.167800 0.137800 0.222800 0.282800 0.332800 0.403400 0.388400 0.428400 0.438400 0.478400 0.488400 0.483400 0.518400 0.563400 0.608400 0.633400 0.658400 0.703400 0.738400 0.863400 0.000000
0.000000 -0.380500 -0.350500 -0.335500 -0.295500 -0.290500 -0.245500 -0.255500 -0.205500 -0.220500 -0.265500 -0.230500 -0.230500 -0.210500 -0.150500 -0.160500 -0.122300 -0.049800 -0.012300 -0.029800 0.020200 0.102700 0.067700 0.110200 0.090200 0.090200 0.112700 0.150200 0.147700 0.140200 0.095200 0.210200 0.112700 0.090200 0.165200 0.222700 0.292700 0.365900 0.350900 0.390900 0.375900 0.425900 0.460900 0.440900 0.475900 0.495900 0.580900 0.605900 0.615900 0.655900 0.710900 0.820900 0.000000
0.000000 -0.438200 -0.428200 -0.408200 -0.343200 -0.308200 -0.283200 -0.298200 -0.268200 -0.253200 -0.293200 -0.273200 -0.238200 -0.183200 -0.118200 -0.138200 -0.112400 -0.047400 -0.044900 -0.064900 -0.007400 0.060100 0.015100 0.060100 0.070100 0.070100 0.082600 0.125100 0.122600 0.150100 0.112600 0.215100 0.115100 0.082600 0.167600 0.232600 0.297600 0.323400 0.283400 0.308400 0.343400 0.383400 0.418400 0.438400 0.468400 0.493400 0.558400 0.578400 0.593400 0.638400 0.703400 0.823400 0.000000
0.000000 -0.490900 -0.460900 -0.395900 -0.355900 -0.340900 -0.290900 -0.310900 -0.250900 -0.260900 -0.310900 -0.295900 -0.270900 -0.215900 -0.165900 -0.170900 -0.112500 -0.045000 -0.022500 -0.055000 0.002500 0.090000 0.057500 0.107500 0.082500 0.070000 0.087500 0.132500 0.150000 0.172500 0.145000 0.232500 0.115000 0.087500 0.180000 0.240000 0.305000 0.330900 0.325900 0.345900 0.350900 0.395900 0.420900 0.405900 0.455900 0.485900 0.555900 0.590900 0.630900 0.655900 0.715900 0.835900 0.000000
0.000000 -0.518600 -0.443600 -0.378600 -0.338600 -0.333600 -0.293600 -0.293600 -0.213600 -0.198600 -0.248600 -0.238600 -0.218600 -0.188600 -0.108600 -0.118600 -0.087600 -0.007600 -0.005100 -0.040100 0.032400 0.102400 0.059900 0.104900 0.104900 0.089900 0.109900 0.137400 0.162400 0.187400 0.152400 0.247400 0.147400 0.114900 0.182400 0.239900 0.317400 0.398400 0.378400 0.368400 0.363400 0.408400 0.418400 0.453400 0.508400 0.543400 0.578400 0.603400 0.628400 0.683400 0.738400 0.848400 0.000000
0.000000 -0.406400 -0.386400 -0.386400 -0.366400 -0.351400 -0.291400 -0.286400 -0.211400 -0.206400 -0.271400 -0.236400 -0.206400 -0.156400 -0.076400 -0.101400 -0.050300 0.029700 0.034700 0.004700 0.069700 0.154700 0.117200 0.164700 0.152200 0.142200 0.142200 0.167200 0.184700 0.207200 0.164700 0.257200 0.182200 0.154700 0.242200 0.297200 0.372200 0.395900 0.370900 0.405900 0.405900 0.435900 0.465900 0.530900 0.580900 0.630900 0.650900 0.680900 0.710900 0.765900 0.810900 0.905900 0.000000
0.000000 -0.409100 -0.339100 -0.284100 -0.254100 -0.239100 -0.194100 -0.199100 -0.144100 -0.124100 -0.169100 -0.164100 -0.134100 -0.089100 -0.024100 -0.044100 -0.020400 0.079600 0.084600 0.062100 0.132100 0.197100 0.149600 0.194600 0.169600 0.159600 0.159600 0.192100 0.217100 0.247100 0.212100 0.307100 0.214600 0.199600 0.272100 0.317100 0.399600 0.433400 0.398400 0.398400 0.403400 0.438400 0.458400 0.488400 0.538400 0.593400 0.643400 0.673400 0.703400 0.738400 0.793400 0.883400 0.000000
0.000000 -0.296800 -0.246800 -0.211800 -0.191800 -0.151800 -0.131800 -0.151800 -0.091800 -0.091800 -0.131800 -0.111800 -0.076800 -0.026800 0.023200 0.013200 0.074500 0.147000 0.137000 0.132000 0.192000 0.259500 0.209500 0.242000 0.224500 0.204500 0.212000 0.249500 0.287000 0.309500 0.257000 0.349500 0.262000 0.237000 0.307000 0.349500 0.429500 0.475900 0.460900 0.490900 0.515900 0.560900 0.570900 0.565900 0.610900 0.660900 0.700900 0.710900 0.725900 0.780900 0.830900 0.935900 0.000000
0.000000 -0.508400 -0.468400 -0.448400 -0.388400 -0.348400 -0.308400 -0.308400 -0.258400 -0.308400 -0.318400 -0.258400 -0.228400 -0.198400 -0.148400 -0.158400 -0.098400 -0.028400 -0.058400 -0.068400 -0.003400 0.096600 0.056600 0.101600 0.086600 0.051600 0.046600 0.076600 0.101600 0.111600 0.066600 0.161600 0.066600 0.041600 0.116600 0.181600 0.276600 0.301700 0.251700 0.281700 0.271700 0.321700 0.291700 0.291700 0.351700 0.371700 0.441700 0.481700 0.491700 0.551700 0.661700 0.751700 0.000000
0.000000 -0.419400 -0.399400 -0.439400 -0.389400 -0.309400 -0.249400 -0.249400 -0.199400 -0.219400 -0.239400 -0.199400 -0.149400 -0.129400 -0.099400 -0.149400 -0.035100 0.034900 0.054900 0.054900 0.129900 0.199900 0.154900 0.164900 0.144900 0.134900 0.134900 0.159900 0.199900 0.229900 0.179900 0.259900 0.169900 0.174900 0.234900 0.274900 0.319900 0.359300 0.319300 0.349300 0.319300 0.419300 0.449300 0.469300 0.539300 0.569300 0.609300 0.649300 0.689300 0.759300 0.799300 0.879300 0.000000
0.000000 -0.370400 -0.340400 -0.310400 -0.240400 -0.180400 -0.150400 -0.160400 -0.110400 -0.130400 -0.180400 -0.140400 -0.100400 -0.080400 -0.050400 -0.060400 -0.011700 0.048300 0.043300 0.043300 0.113300 0.168300 0.108300 0.133300 0.108300 0.093300 0.103300 0.113300 0.143300 0.163300 0.128300 0.228300 0.128300 0.098300 0.173300 0.228300 0.283300 0.236900 0.226900 0.236900 0.266900 0.346900 0.376900 0.396900 0.426900 0.466900 0.526900 0.556900 0.566900 0.596900 0.676900 0.786900 0.000000
0.000000 -0.421400 -0.361400 -0.281400 -0.231400 -0.191400 -0.161400 -0.151400 -0.091400 -0.121400 -0.131400 -0.101400 -0.071400 -0.031400 0.008600 0.018600 0.046600 0.131600 0.176600 0.191600 0.256600 0.306600 0.246600 0.276600 0.256600 0.246600 0.236600 0.276600 0.306600 0.331600 0.306600 0.391600 0.296600 0.251600 0.321600 0.371600 0.416600 0.384600 0.344600 0.364600 0.364600 0.364600 0.354600 0.344600 0.434600 0.524600 0.594600 0.614600 0.674600 0.754600 0.844600 0.914600 0.000000
0.000000 -0.342300 -0.302300 -0.272300 -0.192300 -0.162300 -0.132300 -0.122300 -0.042300 -0.052300 -0.072300 -0.032300 -0.012300 0.017700 0.067700 0.067700 0.094900 0.179900 0.194900 0.199900 0.284900 0.364900 0.289900 0.299900 0.259900 0.239900 0.229900 0.269900 0.299900 0.304900 0.254900 0.354900 0.294900 0.244900 0.299900 0.354900 0.414900 0.432200 0.402200 0.422200 0.412200 0.462200 0.462200 0.502200 0.542200 0.602200 0.652200 0.662200 0.702200 0.762200 0.822200 0.912200 0.000000
0.000000 -0.393300 -0.353300 -0.293300 -0.223300 -0.173300 -0.123300 -0.103300 -0.013300 -0.033300 -0.083300 -0.043300 -0.023300 0.016700 0.056700 0.046700 0.148200 0.208200 0.183200 0.173200 0.228200 0.288200 0.228200 0.233200 0.213200 0.198200 0.173200 0.198200 0.218200 0.238200 0.218200 0.318200 0.228200 0.198200 0.258200 0.313200 0.378200 0.389800 0.349800 0.329800 0.319800 0.339800 0.329800 0.399800 0.499800 0.569800 0.589800 0.599800 0.669800 0.729800 0.789800 0.859800 0.000000
0.000000 -0.414300 -0.384300 -0.354300 -0.284300 -0.234300 -0.194300 -0.154300 -0.034300 -0.034300 -0.064300 -0.034300 -0.004300 0.065700 0.105700 0.075700 0.116600 0.196600 0.211600 0.186600 0.226600 0.301600 0.251600 0.261600 0.226600 0.221600 0.226600 0.266600 0.301600 0.291600 0.256600 0.361600 0.291600 0.271600 0.376600 0.421600 0.461600 0.527500 0.507500 0.517500 0.477500 0.497500 0.427500 0.487500 0.557500 0.617500 0.697500 0.717500 0.737500 0.757500 0.787500 0.907500 0.000000
0.000000 -0.285300 -0.245300 -0.225300 -0.185300 -0.135300 -0.085300 -0.085300 -0.005300 0.004700 -0.025300 -0.015300 0.004700 0.044700 0.074700 0.054700 0.109900 0.199900 0.199900 0.164900 0.204900 0.289900 0.254900 0.269900 0.229900 0.209900 0.214900 0.224900 0.254900 0.294900 0.279900 0.394900 0.314900 0.299900 0.389900 0.434900 0.484900 0.535100 0.525100 0.555100 0.545100 0.545100 0.545100 0.585100 0.645100 0.675100 0.725100 0.765100 0.805100 0.815100 0.835100 0.925100 0.000000
0.000000 -0.266300 -0.196300 -0.196300 -0.146300 -0.126300 -0.086300 -0.066300 -0.006300 0.033700 0.033700 0.063700 0.083700 0.143700 0.183700 0.143700 0.163200 0.243200 0.238200 0.223200 0.233200 0.328200 0.268200 0.288200 0.263200 0.233200 0.233200 0.263200 0.308200 0.328200 0.283200 0.388200 0.308200 0.303200 0.388200 0.433200 0.488200 0.482700 0.462700 0.462700 0.462700 0.512700 0.532700 0.552700 0.602700 0.612700 0.652700 0.692700 0.722700 0.742700 0.792700 0.872700 0.000000
0.000000 -0.237300 -0.167300 -0.047300 0.002700 0.002700 0.012700 -0.027300 0.042700 0.092700 0.062700 0.082700 0.102700 0.142700 0.192700 0.172700 0.246500 0.321500 0.296500 0.266500 0.281500 0.336500 0.276500 0.286500 0.276500 0.251500 0.266500 0.311500 0.346500 0.381500 0.356500 0.446500 0.356500 0.316500 0.391500 0.436500 0.516500 0.610400 0.580400 0.580400 0.550400 0.620400 0.620400 0.630400 0.650400 0.670400 0.720400 0.760400 0.810400 0.840400 0.860400 0.940400 0.000000
0.000000 -0.198200 -0.138200 -0.088200 -0.018200 -0.008200 0.021800 0.011800 0.101800 0.131800 0.101800 0.121800 0.151800 0.211800 0.231800 0.191800 0.164900 0.239900 0.229900 0.194900 0.234900 0.324900 0.274900 0.304900 0.264900 0.259900 0.269900 0.304900 0.339900 0.369900 0.359900 0.439900 0.354900 0.339900 0.404900 0.424900 0.489900 0.498000 0.468000 0.448000 0.438000 0.498000 0.528000 0.558000 0.578000 0.608000 0.668000 0.738000 0.798000 0.818000 0.848000 0.968000 0.000000
0.000000 -0.209200 -0.129200 -0.099200 -0.059200 -0.049200 0.000800 0.000800 0.100800 0.110800 0.070800 0.090800 0.140800 0.210800 0.230800 0.180800 0.218200 0.268200 0.263200 0.223200 0.233200 0.333200 0.278200 0.283200 0.258200 0.223200 0.228200 0.273200 0.323200 0.348200 0.323200 0.443200 0.348200 0.328200 0.408200 0.438200 0.503200 0.545600 0.515600 0.525600 0.505600 0.545600 0.565600 0.605600 0.625600 0.645600 0.675600 0.725600 0.775600 0.785600 0.805600 0.915600 0.000000
0.000000 -0.170200 -0.120200 -0.080200 -0.030200 -0.000200 0.059800 0.059800 0.109800 0.119800 0.099800 0.109800 0.129800 0.179800 0.209800 0.179800 0.196500 0.271500 0.261500 0.236500 0.296500 0.376500 0.286500 0.316500 0.291500 0.266500 0.291500 0.331500 0.356500 0.391500 0.376500 0.486500 0.391500 0.351500 0.441500 0.501500 0.566500 0.583300 0.553300 0.533300 0.513300 0.603300 0.653300 0.643300 0.673300 0.673300 0.683300 0.723300 0.753300 0.833300 0.833300 0.953300 0.000000
0.000000 -0.211200 -0.121200 -0.101200 -0.031200 0.008800 0.058800 0.068800 0.178800 0.188800 0.148800 0.158800 0.168800 0.208800 0.228800 0.208800 0.239800 0.279800 0.254800 0.224800 0.279800 0.344800 0.264800 0.289800 0.259800 0.244800 0.249800 0.294800 0.329800 0.369800 0.349800 0.469800 0.379800 0.349800 0.429800 0.499800 0.544800 0.550900 0.520900 0.540900 0.540900 0.570900 0.570900 0.610900 0.640900 0.670900 0.700900 0.750900 0.770900 0.810900 0.840900 0.930900 0.000000
0.000000 -0.162200 -0.142200 -0.102200 -0.062200 -0.032200 0.027800 0.017800 0.077800 0.107800 0.117800 0.117800 0.107800 0.147800 0.197800 0.207800 0.158200 0.228200 0.228200 0.198200 0.283200 0.333200 0.243200 0.263200 0.253200 0.258200 0.293200 0.338200 0.363200 0.393200 0.378200 0.463200 0.353200 0.328200 0.408200 0.453200 0.513200 0.548500 0.508500 0.568500 0.578500 0.618500 0.598500 0.628500 0.688500 0.738500 0.778500 0.778500 0.798500 0.808500 0.838500 0.928500 0.000000
0.000000 0.000000 0.000000 0.000000 0.000000 0.000000 0.000000 0.000000 0.000000 0.000000 0.000000 0.000000 0.000000 0.000000 0.000000 0.000000 0.000000 0.000000 0.000000 0.000000 0.000000 0.000000 0.000000 0.000000 0.000000 0.000000 0.000000 0.000000 0.000000 0.000000 0.000000 0.000000 0.000000 0.000000 0.000000 0.000000 0.000000 0.000000 0.000000 0.000000 0.000000 0.000000 0.000000 0.000000 0.000000 0.000000 0.000000 0.000000 0.000000 0.000000 0.000000 0.000000 0.000000
