0.000000 -0.020000 -0.040000 -0.040000 -0.050000 -0.050000 -0.020000 -0.070000 -0.050000 -0.020000 -0.040000 -0.060000 -0.070000 -0.090000 -0.050000 0.015140 -0.044860 -0.014860 0.030140 -0.029860 -0.079860 -0.019860 -0.029860 -0.024860 -0.024860 0.010140 0.005140 -0.054860 -0.119860 -0.099860 -0.219860 -0.114860 -0.064860 -0.109860 -0.164860 -0.224860 -0.209720 -0.179720 -0.139720 -0.099720 -0.159720 -0.139720 -0.139720 -0.149720 -0.239720 -0.269720 -0.269720 -0.309720 -0.339720 -0.349720 -0.429720
0.084463 0.094463 0.074463 0.024463 0.014463 -0.035537 0.004463 -0.035537 0.004463 0.024463 -0.025537 -0.015537 -0.025537 -0.025537 -0.025537 -0.036314 -0.096314 -0.066314 -0.026314 -0.081314 -0.156314 -0.111314 -0.126314 -0.116314 -0.101314 -0.076314 -0.116314 -0.161314 -0.201314 -0.156314 -0.261314 -0.186314 -0.131314 -0.181314 -0.226314 -0.301314 -0.297091 -0.277091 -0.267091 -0.247091 -0.287091 -0.267091 -0.277091 -0.307091 -0.317091 -0.317091 -0.327091 -0.327091 -0.357091 -0.377091 -0.397091
-0.051075 -0.031075 -0.041075 -0.041075 -0.111075 -0.111075 -0.091075 -0.101075 -0.051075 -0.051075 -0.091075 -0.111075 -0.131075 -0.141075 -0.091075 -0.107768 -0.157768 -0.127768 -0.072768 -0.137768 -0.202768 -0.162768 -0.157768 -0.157768 -0.152768 -0.137768 -0.192768 -0.217768 -0.232768 -0.182768 -0.267768 -0.177768 -0.127768 -0.202768 -0.257768 -0.317768 -0.274462 -0.204462 -0.204462 -0.184462 -0.224462 -0.224462 -0.264462 -0.314462 -0.334462 -0.374462 -0.414462 -0.404462 -0.404462 -0.454462 -0.574462
0.053388 0.053388 0.013388 0.003388 -0.026612 -0.026612 -0.006612 -0.066612 -0.036612 0.003388 -0.026612 -0.066612 -0.106612 -0.146612 -0.106612 -0.099222 -0.139222 -0.124222 -0.099222 -0.174222 -0.224222 -0.179222 -0.174222 -0.169222 -0.159222 -0.149222 -0.209222 -0.244222 -0.279222 -0.239222 -0.329222 -0.254222 -0.244222 -0.304222 -0.344222 -0.424222 -0.431833 -0.411833 -0.401833 -0.391833 -0.421833 -0.411833 -0.421833 -0.451833 -0.481833 -0.511833 -0.521833 -0.531833 -0.561833 -0.571833 -0.661833
-0.112150 -0.102150 -0.112150 -0.112150 -0.102150 -0.072150 -0.072150 -0.142150 -0.102150 -0.062150 -0.102150 -0.122150 -0.162150 -0.152150 -0.132150 -0.085676 -0.135676 -0.135676 -0.130676 -0.200676 -0.240676 -0.200676 -0.230676 -0.245676 -0.235676 -0.215676 -0.250676 -0.300676 -0.340676 -0.295676 -0.375676 -0.275676 -0.245676 -0.320676 -0.355676 -0.435676 -0.419203 -0.389203 -0.399203 -0.379203 -0.389203 -0.389203 -0.409203 -0.459203 -0.479203 -0.509203 -0.519203 -0.549203 -0.569203 -0.589203 -0.659203
-0.037687 -0.047687 -0.027687 -0.067687 -0.097687 -0.087687 -0.047687 -0.107687 -0.057687 -0.017687 -0.057687 -0.087687 -0.107687 -0.107687 -0.087687 -0.167131 -0.197131 -0.222131 -0.192131 -0.252131 -0.317131 -0.282131 -0.277131 -0.252131 -0.257131 -0.257131 -0.277131 -0.307131 -0.317131 -0.302131 -0.367131 -0.267131 -0.222131 -0.307131 -0.362131 -0.447131 -0.446574 -0.336574 -0.416574 -0.396574 -0.426574 -0.396574 -0.416574 -0.436574 -0.466574 -0.486574 -0.496574 -0.506574 -0.546574 -0.576574 -0.686574
-0.013224 -0.063224 -0.033224 -0.053224 -0.083224 -0.093224 -0.063224 -0.113224 -0.083224 -0.013224 -0.053224 -0.063224 -0.103224 -0.133224 -0.103224 -0.113585 -0.198585 -0.203585 -0.163585 -0.223585 -0.283585 -0.258585 -0.298585 -0.263585 -0.253585 -0.233585 -0.263585 -0.298585 -0.303585 -0.278585 -0.363585 -0.253585 -0.193585 -0.273585 -0.333585 -0.398585 -0.323945 -0.273945 -0.303945 -0.333945 -0.363945 -0.343945 -0.393945 -0.453945 -0.463945 -0.503945 -0.513945 -0.523945 -0.573945 -0.633945 -0.713945
-0.018762 -0.028762 -0.018762 -0.028762 -0.058762 -0.068762 -0.038762 -0.108762 -0.068762 -0.038762 -0.058762 -0.068762 -0.108762 -0.148762 -0.118762 -0.115039 -0.175039 -0.160039 -0.125039 -0.170039 -0.240039 -0.230039 -0.255039 -0.255039 -0.250039 -0.260039 -0.310039 -0.325039 -0.375039 -0.335039 -0.420039 -0.310039 -0.260039 -0.335039 -0.390039 -0.455039 -0.471316 -0.411316 -0.391316 -0.401316 -0.421316 -0.351316 -0.321316 -0.391316 -0.371316 -0.461316 -0.501316 -0.521316 -0.661316 -0.681316 -0.771316
-0.004299 -0.014299 -0.024299 -0.034299 -0.044299 -0.054299 -0.024299 -0.094299 -0.074299 -0.014299 0.005701 -0.024299 -0.074299 -0.114299 -0.104299 -0.141493 -0.211493 -0.196493 -0.136493 -0.181493 -0.266493 -0.246493 -0.266493 -0.241493 -0.226493 -0.251493 -0.296493 -0.301493 -0.321493 -0.271493 -0.361493 -0.251493 -0.216493 -0.306493 -0.341493 -0.406493 -0.328687 -0.278687 -0.368687 -0.378687 -0.458687 -0.418687 -0.388687 -0.418687 -0.448687 -0.468687 -0.488687 -0.508687 -0.558687 -0.638687 -0.758687
0.080164 0.080164 0.040164 0.020164 0.000164 0.000164 0.030164 -0.059836 -0.009836 0.050164 0.000164 -0.029836 -0.099836 -0.149836 -0.139836 -0.157947 -0.222947 -0.207947 -0.147947 -0.212947 -0.262947 -0.222947 -0.237947 -0.187947 -0.187947 -0.217947 -0.287947 -0.312947 -0.332947 -0.267947 -0.347947 -0.262947 -0.232947 -0.322947 -0.377947 -0.457947 -0.466058 -0.416058 -0.426058 -0.406058 -0.436058 -0.426058 -0.406058 -0.436058 -0.456058 -0.526058 -0.566058 -0.596058 -0.616058 -0.656058 -0.776058
0.034626 0.044626 0.024626 -0.015374 -0.015374 0.004626 0.054626 -0.035374 -0.025374 0.034626 0.024626 0.004626 -0.035374 -0.085374 -0.085374 -0.139401 -0.169401 -0.144401 -0.104401 -0.194401 -0.269401 -0.214401 -0.244401 -0.229401 -0.229401 -0.204401 -0.244401 -0.294401 -0.329401 -0.279401 -0.379401 -0.274401 -0.244401 -0.309401 -0.354401 -0.424401 -0.393428 -0.373428 -0.393428 -0.383428 -0.443428 -0.453428 -0.493428 -0.533428 -0.543428 -0.533428 -0.543428 -0.573428 -0.573428 -0.623428 -0.743428
0.049089 0.059089 0.069089 0.059089 0.059089 0.019089 0.009089 -0.060911 -0.060911 -0.010911 -0.030911 -0.050911 -0.090911 -0.120911 -0.080911 -0.105855 -0.160855 -0.130855 -0.105855 -0.180855 -0.260855 -0.195855 -0.210855 -0.180855 -0.190855 -0.205855 -0.250855 -0.280855 -0.315855 -0.285855 -0.385855 -0.280855 -0.225855 -0.280855 -0.340855 -0.430855 -0.450799 -0.410799 -0.430799 -0.390799 -0.400799 -0.370799 -0.380799 -0.420799 -0.440799 -0.510799 -0.580799 -0.620799 -0.650799 -0.700799 -0.810799
0.023551 -0.006449 -0.056449 -0.076449 -0.026449 -0.026449 -0.026449 -0.066449 -0.046449 0.033551 0.013551 -0.006449 -0.056449 -0.126449 -0.096449 -0.177309 -0.237309 -0.217309 -0.197309 -0.252309 -0.322309 -0.287309 -0.342309 -0.332309 -0.332309 -0.337309 -0.372309 -0.402309 -0.452309 -0.397309 -0.472309 -0.367309 -0.327309 -0.387309 -0.457309 -0.537309 -0.618170 -0.558170 -0.568170 -0.568170 -0.598170 -0.568170 -0.568170 -0.608170 -0.628170 -0.658170 -0.688170 -0.708170 -0.738170 -0.788170 -0.908170
0.098014 0.018014 -0.001986 -0.011986 0.018014 0.018014 0.018014 -0.011986 0.008014 0.048014 0.018014 -0.011986 -0.061986 -0.121986 -0.101986 -0.128764 -0.218764 -0.218764 -0.208764 -0.258764 -0.353764 -0.318764 -0.378764 -0.378764 -0.343764 -0.343764 -0.368764 -0.408764 -0.443764 -0.393764 -0.468764 -0.373764 -0.343764 -0.418764 -0.468764 -0.538764 -0.585541 -0.545541 -0.565541 -0.565541 -0.575541 -0.565541 -0.605541 -0.635541 -0.645541 -0.675541 -0.715541 -0.755541 -0.795541 -0.845541 -0.955541
0.252477 0.162477 0.082477 0.012477 0.032477 0.042477 0.082477 0.052477 0.052477 0.082477 0.062477 0.052477 -0.017523 -0.087523 -0.047523 -0.190218 -0.275218 -0.280218 -0.260218 -0.305218 -0.360218 -0.285218 -0.345218 -0.390218 -0.370218 -0.385218 -0.390218 -0.415218 -0.445218 -0.405218 -0.500218 -0.390218 -0.350218 -0.410218 -0.475218 -0.545218 -0.602912 -0.552912 -0.582912 -0.572912 -0.562912 -0.552912 -0.582912 -0.602912 -0.642912 -0.642912 -0.712912 -0.762912 -0.752912 -0.782912 -0.882912
0.032359 -0.002641 -0.017641 -0.012641 -0.027641 -0.062641 -0.067641 -0.107641 -0.127641 -0.087641 -0.122641 -0.157641 -0.172641 -0.227641 -0.207641 -0.284236 -0.351736 -0.359236 -0.331736 -0.399236 -0.484236 -0.446736 -0.496736 -0.454236 -0.436736 -0.451736 -0.479236 -0.506736 -0.534236 -0.484236 -0.566736 -0.481736 -0.436736 -0.501736 -0.559236 -0.641736 -0.710832 -0.650832 -0.685832 -0.685832 -0.670832 -0.670832 -0.680832 -0.725832 -0.745832 -0.790832 -0.795832 -0.820832 -0.875832 -0.940832 -1.055832
0.110082 0.060082 0.040082 0.020082 -0.014918 -0.049918 -0.054918 -0.109918 -0.119918 -0.054918 -0.079918 -0.099918 -0.114918 -0.199918 -0.184918 -0.254126 -0.339126 -0.316626 -0.291626 -0.339126 -0.426626 -0.381626 -0.404126 -0.389126 -0.389126 -0.426626 -0.471626 -0.511626 -0.534126 -0.469126 -0.541626 -0.441626 -0.411626 -0.471626 -0.529126 -0.594126 -0.628334 -0.608334 -0.633334 -0.623334 -0.663334 -0.658334 -0.628334 -0.663334 -0.718334 -0.758334 -0.798334 -0.828334 -0.858334 -0.913334 -1.043334
0.002805 -0.017195 -0.007195 -0.017195 -0.052195 -0.062195 -0.052195 -0.087195 -0.082195 -0.047195 -0.067195 -0.107195 -0.142195 -0.177195 -0.147195 -0.236515 -0.331515 -0.296515 -0.264015 -0.316515 -0.411515 -0.369015 -0.414015 -0.391515 -0.399015 -0.421515 -0.456515 -0.486515 -0.511515 -0.459015 -0.549015 -0.446515 -0.389015 -0.454015 -0.514015 -0.591515 -0.665836 -0.625836 -0.615836 -0.525836 -0.545836 -0.520836 -0.510836 -0.545836 -0.570836 -0.590836 -0.650836 -0.685836 -0.750836 -0.785836 -0.915836
0.165528 0.100528 0.080528 0.030528 -0.024472 -0.004472 -0.004472 -0.044472 -0.054472 -0.024472 -0.044472 -0.039472 -0.074472 -0.119472 -0.084472 -0.183905 -0.288905 -0.283905 -0.258905 -0.313905 -0.398905 -0.356405 -0.383905 -0.368905 -0.361405 -0.388905 -0.423905 -0.451405 -0.456405 -0.393905 -0.481405 -0.393905 -0.348905 -0.428905 -0.473905 -0.543905 -0.593337 -0.568337 -0.578337 -0.558337 -0.578337 -0.573337 -0.588337 -0.628337 -0.648337 -0.698337 -0.743337 -0.758337 -0.793337 -0.843337 -0.943337
0.078250 0.028250 0.023250 0.008250 -0.016750 -0.031750 -0.031750 -0.066750 -0.076750 -0.051750 -0.071750 -0.106750 -0.126750 -0.156750 -0.146750 -0.201294 -0.278794 -0.271294 -0.228794 -0.286294 -0.391294 -0.348794 -0.366294 -0.376294 -0.343794 -0.373794 -0.408794 -0.436294 -0.456294 -0.403794 -0.473794 -0.361294 -0.306294 -0.363794 -0.406294 -0.483794 -0.530839 -0.520839 -0.550839 -0.535839 -0.580839 -0.565839 -0.545839 -0.580839 -0.640839 -0.690839 -0.705839 -0.705839 -0.750839 -0.815839 -0.935839
0.125973 0.080973 0.080973 0.065973 0.015973 -0.004027 0.025973 -0.029027 -0.009027 0.015973 -0.009027 -0.034027 -0.054027 -0.094027 -0.049027 -0.086184 -0.188684 -0.196184 -0.136184 -0.183684 -0.293684 -0.243684 -0.266184 -0.268684 -0.286184 -0.301184 -0.328684 -0.343684 -0.356184 -0.323684 -0.398684 -0.303684 -0.281184 -0.368684 -0.426184 -0.488684 -0.503341 -0.503341 -0.548341 -0.563341 -0.603341 -0.578341 -0.593341 -0.623341 -0.673341 -0.703341 -0.718341 -0.733341 -0.768341 -0.808341 -0.928341
0.198696 0.178696 0.153696 0.113696 0.063696 0.018696 0.003696 -0.031304 -0.001304 0.048696 0.048696 0.023696 -0.036304 -0.061304 -0.051304 -0.108573 -0.188573 -0.211073 -0.158573 -0.201073 -0.296073 -0.253573 -0.278573 -0.251073 -0.263573 -0.293573 -0.318573 -0.326073 -0.361073 -0.321073 -0.393573 -0.301073 -0.263573 -0.331073 -0.376073 -0.451073 -0.485842 -0.480842 -0.525842 -0.535842 -0.570842 -0.555842 -0.560842 -0.590842 -0.655842 -0.715842 -0.755842 -0.780842 -0.835842 -0.885842 -0.995842
0.241418 0.241418 0.171418 0.136418 0.091418 0.081418 0.106418 0.051418 0.066418 0.111418 0.116418 0.086418 0.011418 -0.043582 -0.033582 -0.080963 -0.150963 -0.165963 -0.115963 -0.178463 -0.240963 -0.195963 -0.225963 -0.215963 -0.243463 -0.248463 -0.288463 -0.308463 -0.290963 -0.230963 -0.320963 -0.218463 -0.200963 -0.280963 -0.340963 -0.430963 -0.478344 -0.463344 -0.483344 -0.463344 -0.513344 -0.538344 -0.508344 -0.563344 -0.618344 -0.668344 -0.713344 -0.758344 -0.788344 -0.833344 -0.938344
0.259141 0.224141 0.209141 0.154141 0.144141 0.084141 0.084141 0.054141 0.069141 0.089141 0.079141 0.049141 -0.000859 -0.050859 -0.025859 -0.065852 -0.135852 -0.153352 -0.105852 -0.160852 -0.235852 -0.183352 -0.225852 -0.220852 -0.238352 -0.238352 -0.263352 -0.298352 -0.313352 -0.275852 -0.353352 -0.253352 -0.195852 -0.273352 -0.343352 -0.430852 -0.450846 -0.425846 -0.455846 -0.475846 -0.520846 -0.520846 -0.540846 -0.595846 -0.650846 -0.695846 -0.700846 -0.730846 -0.780846 -0.830846 -0.930846
0.286864 0.286864 0.266864 0.221864 0.186864 0.151864 0.201864 0.131864 0.121864 0.161864 0.136864 0.111864 0.021864 -0.028136 -0.013136 -0.030742 -0.095742 -0.128242 -0.088242 -0.143242 -0.190742 -0.145742 -0.188242 -0.193242 -0.215742 -0.233242 -0.258242 -0.280742 -0.303242 -0.250742 -0.328242 -0.220742 -0.185742 -0.285742 -0.350742 -0.418242 -0.468348 -0.468348 -0.483348 -0.473348 -0.508348 -0.518348 -0.538348 -0.568348 -0.593348 -0.643348 -0.708348 -0.733348 -0.778348 -0.808348 -0.938348
0.399587 0.324587 0.284587 0.229587 0.194587 0.194587 0.209587 0.159587 0.164587 0.199587 0.169587 0.144587 0.059587 -0.005413 0.004587 -0.008131 -0.065631 -0.080631 -0.053131 -0.123131 -0.190631 -0.143131 -0.183131 -0.183131 -0.178131 -0.178131 -0.203131 -0.248131 -0.270631 -0.223131 -0.315631 -0.208131 -0.173131 -0.238131 -0.300631 -0.365631 -0.425849 -0.425849 -0.465849 -0.460849 -0.495849 -0.505849 -0.530849 -0.600849 -0.635849 -0.685849 -0.700849 -0.730849 -0.765849 -0.800849 -0.895849
0.367309 0.342309 0.327309 0.292309 0.247309 0.207309 0.212309 0.147309 0.142309 0.182309 0.147309 0.132309 0.087309 0.042309 0.052309 0.046979 0.001979 -0.013021 -0.000521 -0.070521 -0.130521 -0.090521 -0.130521 -0.140521 -0.140521 -0.135521 -0.170521 -0.193021 -0.208021 -0.175521 -0.275521 -0.170521 -0.128021 -0.205521 -0.263021 -0.343021 -0.403351 -0.393351 -0.438351 -0.418351 -0.453351 -0.453351 -0.493351 -0.558351 -0.598351 -0.638351 -0.658351 -0.678351 -0.708351 -0.748351 -0.838351
0.425032 0.385032 0.370032 0.320032 0.270032 0.245032 0.270032 0.215032 0.200032 0.235032 0.220032 0.185032 0.145032 0.110032 0.120032 0.069590 0.017090 -0.002910 0.039590 -0.022910 -0.107910 -0.065410 -0.120410 -0.117910 -0.102910 -0.090410 -0.130410 -0.147910 -0.160410 -0.142910 -0.247910 -0.147910 -0.097910 -0.182910 -0.247910 -0.330410 -0.385853 -0.390853 -0.430853 -0.435853 -0.465853 -0.470853 -0.490853 -0.540853 -0.565853 -0.600853 -0.615853 -0.630853 -0.670853 -0.740853 -0.835853
0.447755 0.367755 0.317755 0.297755 0.297755 0.297755 0.322755 0.242755 0.197755 0.212755 0.192755 0.182755 0.162755 0.112755 0.132755 0.109700 0.039700 0.019700 0.044700 -0.005300 -0.095300 -0.057800 -0.112800 -0.112800 -0.102800 -0.122800 -0.145300 -0.180300 -0.212800 -0.192800 -0.275300 -0.167800 -0.137800 -0.222800 -0.282800 -0.332800 -0.403354 -0.388354 -0.428354 -0.438354 -0.478354 -0.488354 -0.483354 -0.518354 -0.563354 -0.608354 -0.633354 -0.658354 -0.703354 -0.738354 -0.863354
0.380477 0.350477 0.335477 0.295477 0.290477 0.245477 0.255477 0.205477 0.220477 0.265477 0.230477 0.230477 0.210477 0.150477 0.160477 0.122311 0.049811 0.012311 0.029811 -0.020189 -0.102689 -0.067689 -0.110189 -0.090189 -0.090189 -0.112689 -0.150189 -0.147689 -0.140189 -0.095189 -0.210189 -0.112689 -0.090189 -0.165189 -0.222689 -0.292689 -0.365856 -0.350856 -0.390856 -0.375856 -0.425856 -0.460856 -0.440856 -0.475856 -0.495856 -0.580856 -0.605856 -0.615856 -0.655856 -0.710856 -0.820856
0.438200 0.428200 0.408200 0.343200 0.308200 0.283200 0.298200 0.268200 0.253200 0.293200 0.273200 0.238200 0.183200 0.118200 0.138200 0.112421 0.047421 0.044921 0.064921 0.007421 -0.060079 -0.015079 -0.060079 -0.070079 -0.070079 -0.082579 -0.125079 -0.122579 -0.150079 -0.112579 -0.215079 -0.115079 -0.082579 -0.167579 -0.232579 -0.297579 -0.323358 -0.283358 -0.308358 -0.343358 -0.383358 -0.418358 -0.438358 -0.468358 -0.493358 -0.558358 -0.578358 -0.593358 -0.638358 -0.703358 -0.823358
0.490923 0.460923 0.395923 0.355923 0.340923 0.290923 0.310923 0.250923 0.260923 0.310923 0.295923 0.270923 0.215923 0.165923 0.170923 0.112532 0.045032 0.022532 0.055032 -0.002468 -0.089968 -0.057468 -0.107468 -0.082468 -0.069968 -0.087468 -0.132468 -0.149968 -0.172468 -0.144968 -0.232468 -0.114968 -0.087468 -0.179968 -0.239968 -0.304968 -0.330860 -0.325860 -0.345860 -0.350860 -0.395860 -0.420860 -0.405860 -0.455860 -0.485860 -0.555860 -0.590860 -0.630860 -0.655860 -0.715860 -0.835860
0.518646 0.443646 0.378646 0.338646 0.333646 0.293646 0.293646 0.213646 0.198646 0.248646 0.238646 0.218646 0.188646 0.108646 0.118646 0.087642 0.007642 0.005142 0.040142 -0.032358 -0.102358 -0.059858 -0.104858 -0.104858 -0.089858 -0.109858 -0.137358 -0.162358 -0.187358 -0.152358 -0.247358 -0.147358 -0.114858 -0.182358 -0.239858 -0.317358 -0.398361 -0.378361 -0.368361 -0.363361 -0.408361 -0.418361 -0.453361 -0.508361 -0.543361 -0.578361 -0.603361 -0.628361 -0.683361 -0.738361 -0.848361
0.406368 0.386368 0.386368 0.366368 0.351368 0.291368 0.286368 0.211368 0.206368 0.271368 0.236368 0.206368 0.156368 0.076368 0.101368 0.050253 -0.029747 -0.034747 -0.004747 -0.069747 -0.154747 -0.117247 -0.164747 -0.152247 -0.142247 -0.142247 -0.167247 -0.184747 -0.207247 -0.164747 -0.257247 -0.182247 -0.154747 -0.242247 -0.297247 -0.372247 -0.395863 -0.370863 -0.405863 -0.405863 -0.435863 -0.465863 -0.530863 -0.580863 -0.630863 -0.650863 -0.680863 -0.710863 -0.765863 -0.810863 -0.905863
0.409091 0.339091 0.284091 0.254091 0.239091 0.194091 0.199091 0.144091 0.124091 0.169091 0.164091 0.134091 0.089091 0.024091 0.044091 0.020363 -0.079637 -0.084637 -0.062137 -0.132137 -0.197137 -0.149637 -0.194637 -0.169637 -0.159637 -0.159637 -0.192137 -0.217137 -0.247137 -0.212137 -0.307137 -0.214637 -0.199637 -0.272137 -0.317137 -0.399637 -0.433365 -0.398365 -0.398365 -0.403365 -0.438365 -0.458365 -0.488365 -0.538365 -0.593365 -0.643365 -0.673365 -0.703365 -0.738365 -0.793365 -0.883365
0.296814 0.246814 0.211814 0.191814 0.151814 0.131814 0.151814 0.091814 0.091814 0.131814 0.111814 0.076814 0.026814 -0.023186 -0.013186 -0.074526 -0.147026 -0.137026 -0.132026 -0.192026 -0.259526 -0.209526 -0.242026 -0.224526 -0.204526 -0.212026 -0.249526 -0.287026 -0.309526 -0.257026 -0.349526 -0.262026 -0.237026 -0.307026 -0.349526 -0.429526 -0.475866 -0.460866 -0.490866 -0.515866 -0.560866 -0.570866 -0.565866 -0.610866 -0.660866 -0.700866 -0.710866 -0.725866 -0.780866 -0.830866 -0.935866
0.508419 0.468419 0.448419 0.388419 0.348419 0.308419 0.308419 0.258419 0.308419 0.318419 0.258419 0.228419 0.198419 0.148419 0.158419 0.098377 0.028377 0.058377 0.068377 0.003377 -0.096623 -0.056623 -0.101623 -0.086623 -0.051623 -0.046623 -0.076623 -0.101623 -0.111623 -0.066623 -0.161623 -0.066623 -0.041623 -0.116623 -0.181623 -0.276623 -0.301666 -0.251666 -0.281666 -0.271666 -0.321666 -0.291666 -0.291666 -0.351666 -0.371666 -0.441666 -0.481666 -0.491666 -0.551666 -0.661666 -0.751666
0.419402 0.399402 0.439402 0.389402 0.309402 0.249402 0.249402 0.199402 0.219402 0.239402 0.199402 0.149402 0.129402 0.099402 0.149402 0.035052 -0.034948 -0.054948 -0.054948 -0.129948 -0.199948 -0.154948 -0.164948 -0.144948 -0.134948 -0.134948 -0.159948 -0.199948 -0.229948 -0.179948 -0.259948 -0.169948 -0.174948 -0.234948 -0.274948 -0.319948 -0.359298 -0.319298 -0.349298 -0.319298 -0.419298 -0.449298 -0.469298 -0.539298 -0.569298 -0.609298 -0.649298 -0.689298 -0.759298 -0.799298 -0.879298
0.370384 0.340384 0.310384 0.240384 0.180384 0.150384 0.160384 0.110384 0.130384 0.180384 0.140384 0.100384 0.080384 0.050384 0.060384 0.011727 -0.048273 -0.043273 -0.043273 -0.113273 -0.168273 -0.108273 -0.133273 -0.108273 -0.093273 -0.103273 -0.113273 -0.143273 -0.163273 -0.128273 -0.228273 -0.128273 -0.098273 -0.173273 -0.228273 -0.283273 -0.236931 -0.226931 -0.236931 -0.266931 -0.346931 -0.376931 -0.396931 -0.426931 -0.466931 -0.526931 -0.556931 -0.566931 -0.596931 -0.676931 -0.786931
0.421367 0.361367 0.281367 0.231367 0.191367 0.161367 0.151367 0.091367 0.121367 0.131367 0.101367 0.071367 0.031367 -0.008633 -0.018633 -0.046598 -0.131598 -0.176598 -0.191598 -0.256598 -0.306598 -0.246598 -0.276598 -0.256598 -0.246598 -0.236598 -0.276598 -0.306598 -0.331598 -0.306598 -0.391598 -0.296598 -0.251598 -0.321598 -0.371598 -0.416598 -0.384563 -0.344563 -0.364563 -0.364563 -0.364563 -0.354563 -0.344563 -0.434563 -0.524563 -0.594563 -0.614563 -0.674563 -0.754563 -0.844563 -0.914563
0.342350 0.302350 0.272350 0.192350 0.162350 0.132350 0.122350 0.042350 0.052350 0.072350 0.032350 0.012350 -0.017650 -0.067650 -0.067650 -0.094923 -0.179923 -0.194923 -0.199923 -0.284923 -0.364923 -0.289923 -0.299923 -0.259923 -0.239923 -0.229923 -0.269923 -0.299923 -0.304923 -0.254923 -0.354923 -0.294923 -0.244923 -0.299923 -0.354923 -0.414923 -0.432196 -0.402196 -0.422196 -0.412196 -0.462196 -0.462196 -0.502196 -0.542196 -0.602196 -0.652196 -0.662196 -0.702196 -0.762196 -0.822196 -0.912196
0.393333 0.353333 0.293333 0.223333 0.173333 0.123333 0.103333 0.013333 0.033333 0.083333 0.043333 0.023333 -0.016667 -0.056667 -0.046667 -0.148248 -0.208248 -0.183248 -0.173248 -0.228248 -0.288248 -0.228248 -0.233248 -0.213248 -0.198248 -0.173248 -0.198248 -0.218248 -0.238248 -0.218248 -0.318248 -0.228248 -0.198248 -0.258248 -0.313248 -0.378248 -0.389828 -0.349828 -0.329828 -0.319828 -0.339828 -0.329828 -0.399828 -0.499828 -0.569828 -0.589828 -0.599828 -0.669828 -0.729828 -0.789828 -0.859828
0.414316 0.384316 0.354316 0.284316 0.234316 0.194316 0.154316 0.034316 0.034316 0.064316 0.034316 0.004316 -0.065684 -0.105684 -0.075684 -0.116573 -0.196573 -0.211573 -0.186573 -0.226573 -0.301573 -0.251573 -0.261573 -0.226573 -0.221573 -0.226573 -0.266573 -0.301573 -0.291573 -0.256573 -0.361573 -0.291573 -0.271573 -0.376573 -0.421573 -0.461573 -0.527461 -0.507461 -0.517461 -0.477461 -0.497461 -0.427461 -0.487461 -0.557461 -0.617461 -0.697461 -0.717461 -0.737461 -0.757461 -0.787461 -0.907461
0.285298 0.245298 0.225298 0.185298 0.135298 0.085298 0.085298 0.005298 -0.004702 0.025298 0.015298 -0.004702 -0.044702 -0.074702 -0.054702 -0.109898 -0.199898 -0.199898 -0.164898 -0.204898 -0.289898 -0.254898 -0.269898 -0.229898 -0.209898 -0.214898 -0.224898 -0.254898 -0.294898 -0.279898 -0.394898 -0.314898 -0.299898 -0.389898 -0.434898 -0.484898 -0.535094 -0.525094 -0.555094 -0.545094 -0.545094 -0.545094 -0.585094 -0.645094 -0.675094 -0.725094 -0.765094 -0.805094 -0.815094 -0.835094 -0.925094
0.266281 0.196281 0.196281 0.146281 0.126281 0.086281 0.066281 0.006281 -0.033719 -0.033719 -0.063719 -0.083719 -0.143719 -0.183719 -0.143719 -0.163222 -0.243222 -0.238222 -0.223222 -0.233222 -0.328222 -0.268222 -0.288222 -0.263222 -0.233222 -0.233222 -0.263222 -0.308222 -0.328222 -0.283222 -0.388222 -0.308222 -0.303222 -0.388222 -0.433222 -0.488222 -0.482726 -0.462726 -0.462726 -0.462726 -0.512726 -0.532726 -0.552726 -0.602726 -0.612726 -0.652726 -0.692726 -0.722726 -0.742726 -0.792726 -0.872726
0.237264 0.167264 0.047264 -0.002736 -0.002736 -0.012736 0.027264 -0.042736 -0.092736 -0.062736 -0.082736 -0.102736 -0.142736 -0.192736 -0.172736 -0.246547 -0.321547 -0.296547 -0.266547 -0.281547 -0.336547 -0.276547 -0.286547 -0.276547 -0.251547 -0.266547 -0.311547 -0.346547 -0.381547 -0.356547 -0.446547 -0.356547 -0.316547 -0.391547 -0.436547 -0.516547 -0.610359 -0.580359 -0.580359 -0.550359 -0.620359 -0.620359 -0.630359 -0.650359 -0.670359 -0.720359 -0.760359 -0.810359 -0.840359 -0.860359 -0.940359
0.198247 0.138247 0.088247 0.018247 0.008247 -0.021753 -0.011753 -0.101753 -0.131753 -0.101753 -0.121753 -0.151753 -0.211753 -0.231753 -0.191753 -0.164872 -0.239872 -0.229872 -0.194872 -0.234872 -0.324872 -0.274872 -0.304872 -0.264872 -0.259872 -0.269872 -0.304872 -0.339872 -0.369872 -0.359872 -0.439872 -0.354872 -0.339872 -0.404872 -0.424872 -0.489872 -0.497991 -0.467991 -0.447991 -0.437991 -0.497991 -0.527991 -0.557991 -0.577991 -0.607991 -0.667991 -0.737991 -0.797991 -0.817991 -0.847991 -0.967991
0.209230 0.129230 0.099230 0.059230 0.049230 -0.000770 -0.000770 -0.100770 -0.110770 -0.070770 -0.090770 -0.140770 -0.210770 -0.230770 -0.180770 -0.218197 -0.268197 -0.263197 -0.223197 -0.233197 -0.333197 -0.278197 -0.283197 -0.258197 -0.223197 -0.228197 -0.273197 -0.323197 -0.348197 -0.323197 -0.443197 -0.348197 -0.328197 -0.408197 -0.438197 -0.503197 -0.545624 -0.515624 -0.525624 -0.505624 -0.545624 -0.565624 -0.605624 -0.625624 -0.645624 -0.675624 -0.725624 -0.775624 -0.785624 -0.805624 -0.915624
0.170212 0.120212 0.080212 0.030212 0.000212 -0.059788 -0.059788 -0.109788 -0.119788 -0.099788 -0.109788 -0.129788 -0.179788 -0.209788 -0.179788 -0.196522 -0.271522 -0.261522 -0.236522 -0.296522 -0.376522 -0.286522 -0.316522 -0.291522 -0.266522 -0.291522 -0.331522 -0.356522 -0.391522 -0.376522 -0.486522 -0.391522 -0.351522 -0.441522 -0.501522 -0.566522 -0.583256 -0.553256 -0.533256 -0.513256 -0.603256 -0.653256 -0.643256 -0.673256 -0.673256 -0.683256 -0.723256 -0.753256 -0.833256 -0.833256 -0.953256
0.211195 0.121195 0.101195 0.031195 -0.008805 -0.058805 -0.068805 -0.178805 -0.188805 -0.148805 -0.158805 -0.168805 -0.208805 -0.228805 -0.208805 -0.239847 -0.279847 -0.254847 -0.224847 -0.279847 -0.344847 -0.264847 -0.289847 -0.259847 -0.244847 -0.249847 -0.294847 -0.329847 -0.369847 -0.349847 -0.469847 -0.379847 -0.349847 -0.429847 -0.499847 -0.544847 -0.550889 -0.520889 -0.540889 -0.540889 -0.570889 -0.570889 -0.610889 -0.640889 -0.670889 -0.700889 -0.750889 -0.770889 -0.810889 -0.840889 -0.930889
0.162178 0.142178 0.102178 0.062178 0.032178 -0.027822 -0.017822 -0.077822 -0.107822 -0.117822 -0.117822 -0.107822 -0.147822 -0.197822 -0.207822 -0.158172 -0.228172 -0.228172 -0.198172 -0.283172 -0.333172 -0.243172 -0.263172 -0.253172 -0.258172 -0.293172 -0.338172 -0.363172 -0.393172 -0.378172 -0.463172 -0.353172 -0.328172 -0.408172 -0.453172 -0.513172 -0.548522 -0.508522 -0.568522 -0.578522 -0.618522 -0.598522 -0.628522 -0.688522 -0.738522 -0.778522 -0.778522 -0.798522 -0.808522 -0.838522 -0.928522
