0.000000 0.000000 0.000000 0.000000 0.000000 0.000000 0.000000 0.000000 0.000000 0.000000 0.000000 0.000000 0.000000 0.000000 0.000000 0.000000 0.000000 0.000000 0.000000 0.000000 0.000000 0.000000 0.000000 0.000000 0.000000 0.000000 0.000000 0.000000 0.000000 0.000000 0.000000 0.000000 0.000000 0.000000 0.000000 0.000000 0.000000 0.000000 0.000000 0.000000 0.000000 0.000000 0.000000 0.000000 0.000000 0.000000 0.000000 0.000000 0.000000 0.000000 0.000000 0.000000 0.000000
0.000000 -0.000000 0.144700 0.289400 0.454000 0.588700 0.713400 0.818100 0.922800 1.067400 1.222100 1.366800 1.491500 1.556200 1.670800 1.785500 1.948200 2.057100 2.146000 2.249900 2.323800 2.397700 2.481600 2.570500 2.669400 2.718300 2.772200 2.876100 2.950000 3.028900 3.132800 3.231700 3.325600 3.469500 3.628400 3.732300 3.866200 4.041700 4.114800 4.218000 4.331100 4.484200 4.597300 4.710400 4.823500 4.906700 5.019800 5.192900 5.366000 5.389100 5.402300 5.435400 0.000000
0.000000 0.070000 0.224700 0.359400 0.524000 0.648700 0.763400 0.858100 0.962800 1.087400 1.212100 1.366800 1.491500 1.616200 1.730800 1.805500 1.993200 2.062100 2.156000 2.219900 2.323800 2.427700 2.521600 2.600500 2.699400 2.778300 2.877200 2.946100 3.055000 3.158900 3.252800 3.351700 3.420600 3.519500 3.658400 3.742300 3.836200 3.991700 4.054800 4.138000 4.221100 4.374200 4.497300 4.630400 4.753500 4.856700 4.979800 5.172900 5.326000 5.399100 5.422300 5.455400 0.000000
0.000000 0.120000 0.234700 0.349400 0.524000 0.648700 0.713400 0.788100 0.922800 1.087400 1.192100 1.346800 1.491500 1.586200 1.730800 1.755500 1.968200 2.042100 2.141000 2.234900 2.373800 2.477700 2.566600 2.635500 2.724400 2.823300 2.917200 2.996100 3.090000 3.178900 3.257800 3.346700 3.440600 3.554500 3.663400 3.757300 3.891200 4.051700 4.164800 4.308000 4.361100 4.484200 4.607300 4.740400 4.873500 4.996700 5.099800 5.292900 5.456000 5.499100 5.502300 5.535400 0.000000
0.000000 0.030000 0.094700 0.239400 0.364000 0.508700 0.633400 0.778100 0.892800 1.037400 1.142100 1.246800 1.371500 1.486200 1.620800 1.745500 1.868200 1.947100 2.116000 2.214900 2.313800 2.397700 2.521600 2.625500 2.684400 2.758300 2.847200 2.951100 3.035000 3.138900 3.222800 3.291700 3.370600 3.474500 3.598400 3.702300 3.791200 4.001700 4.104800 4.198000 4.381100 4.484200 4.597300 4.720400 4.833500 4.976700 5.089800 5.202900 5.326000 5.359100 5.402300 5.455400 0.000000
0.000000 -0.000000 0.154700 0.249400 0.424000 0.558700 0.663400 0.738100 0.832800 1.007400 1.112100 1.266800 1.391500 1.486200 1.590800 1.725500 1.903200 1.997100 2.091000 2.194900 2.268800 2.387700 2.511600 2.605500 2.679400 2.778300 2.872200 2.956100 3.050000 3.173900 3.247800 3.341700 3.430600 3.539500 3.643400 3.722300 3.846200 4.021700 4.064800 4.168000 4.311100 4.434200 4.527300 4.660400 4.813500 4.926700 5.039800 5.182900 5.326000 5.359100 5.392300 5.415400 0.000000
0.000000 -0.040000 0.114700 0.289400 0.424000 0.568700 0.703400 0.818100 0.872800 1.007400 1.162100 1.316800 1.481500 1.576200 1.690800 1.785500 1.953200 2.017100 2.126000 2.184900 2.268800 2.402700 2.496600 2.615500 2.699400 2.798300 2.897200 2.971100 3.040000 3.158900 3.272800 3.371700 3.470600 3.604500 3.683400 3.787300 3.956200 4.011700 4.144800 4.238000 4.331100 4.484200 4.607300 4.740400 4.893500 5.016700 5.169800 5.372900 5.536000 5.609100 5.632300 5.635400 0.000000
0.000000 -0.050000 0.124700 0.279400 0.434000 0.528700 0.603400 0.768100 0.932800 1.057400 1.132100 1.256800 1.381500 1.486200 1.600800 1.655500 1.898200 1.982100 2.076000 2.179900 2.248800 2.362700 2.426600 2.560500 2.664400 2.818300 2.937200 3.026100 3.125000 3.238900 3.332800 3.406700 3.540600 3.654500 3.778400 3.877300 3.941200 4.121700 4.204800 4.338000 4.431100 4.554200 4.677300 4.800400 4.923500 5.046700 5.169800 5.342900 5.496000 5.549100 5.562300 5.605400 0.000000
0.000000 -0.030000 0.104700 0.269400 0.434000 0.548700 0.653400 0.728100 0.842800 1.007400 1.162100 1.296800 1.461500 1.596200 1.670800 1.745500 1.928200 2.017100 2.091000 2.154900 2.258800 2.387700 2.491600 2.580500 2.659400 2.773300 2.862200 2.906100 2.995000 3.068900 3.162800 3.236700 3.390600 3.539500 3.673400 3.792300 3.886200 4.091700 4.184800 4.298000 4.441100 4.524200 4.637300 4.750400 4.893500 4.996700 5.119800 5.292900 5.456000 5.519100 5.542300 5.555400 0.000000
0.000000 -0.110000 0.084700 0.229400 0.304000 0.438700 0.623400 0.738100 0.852800 0.977400 1.102100 1.236800 1.391500 1.526200 1.620800 1.735500 1.918200 1.972100 2.071000 2.174900 2.248800 2.352700 2.471600 2.565500 2.664400 2.758300 2.847200 2.906100 3.005000 3.093900 3.222800 3.316700 3.395600 3.444500 3.538400 3.592300 3.716200 3.951700 4.054800 4.188000 4.301100 4.494200 4.627300 4.750400 4.863500 4.966700 5.069800 5.222900 5.376000 5.439100 5.482300 5.515400 0.000000
0.000000 -0.100000 0.044700 0.189400 0.354000 0.488700 0.553400 0.648100 0.762800 0.897400 1.032100 1.186800 1.351500 1.456200 1.560800 1.645500 1.843200 1.927100 2.031000 2.134900 2.213800 2.312700 2.421600 2.480500 2.574400 2.668300 2.777200 2.896100 3.000000 3.083900 3.187800 3.281700 3.385600 3.459500 3.518400 3.677300 3.771200 3.911700 4.044800 4.208000 4.291100 4.384200 4.497300 4.640400 4.783500 4.896700 5.029800 5.202900 5.336000 5.389100 5.402300 5.455400 0.000000
0.000000 -0.080000 0.064700 0.209400 0.374000 0.508700 0.653400 0.788100 0.912800 1.047400 1.182100 1.316800 1.471500 1.596200 1.690800 1.745500 1.893200 1.957100 2.041000 2.134900 2.248800 2.372700 2.471600 2.570500 2.629400 2.703300 2.807200 2.871100 2.985000 3.063900 3.147800 3.251700 3.380600 3.509500 3.633400 3.742300 3.826200 3.931700 4.064800 4.178000 4.351100 4.464200 4.587300 4.700400 4.823500 4.926700 5.049800 5.232900 5.386000 5.439100 5.452300 5.495400 0.000000
0.000000 -0.010000 0.124700 0.259400 0.444000 0.578700 0.683400 0.758100 0.862800 0.957400 1.102100 1.246800 1.331500 1.526200 1.660800 1.735500 1.853200 1.927100 2.006000 2.064900 2.213800 2.332700 2.441600 2.535500 2.639400 2.733300 2.832200 2.886100 2.955000 3.033900 3.127800 3.221700 3.350600 3.464500 3.568400 3.702300 3.806200 4.011700 4.124800 4.198000 4.311100 4.484200 4.607300 4.720400 4.863500 4.966700 5.089800 5.272900 5.426000 5.459100 5.482300 5.515400 0.000000
0.000000 -0.140000 0.064700 0.209400 0.384000 0.548700 0.673400 0.778100 0.882800 1.037400 1.182100 1.316800 1.451500 1.586200 1.670800 1.735500 1.818200 1.862100 1.991000 2.119900 2.233800 2.342700 2.456600 2.565500 2.644400 2.713300 2.807200 2.931100 3.020000 3.103900 3.177800 3.286700 3.360600 3.509500 3.688400 3.802300 3.906200 3.991700 4.054800 4.188000 4.321100 4.414200 4.597300 4.760400 4.893500 5.006700 5.129800 5.312900 5.456000 5.509100 5.532300 5.565400 0.000000
0.000000 -0.140000 0.044700 0.209400 0.334000 0.508700 0.633400 0.748100 0.862800 1.017400 1.142100 1.246800 1.401500 1.576200 1.690800 1.785500 1.878200 1.922100 2.016000 2.134900 2.243800 2.342700 2.456600 2.555500 2.659400 2.753300 2.832200 2.916100 3.000000 3.083900 3.162800 3.246700 3.340600 3.404500 3.573400 3.707300 3.846200 4.021700 4.134800 4.218000 4.341100 4.474200 4.617300 4.730400 4.843500 4.956700 5.079800 5.262900 5.426000 5.479100 5.512300 5.555400 0.000000
0.000000 -0.110000 0.044700 0.179400 0.354000 0.528700 0.673400 0.788100 0.892800 0.997400 1.102100 1.236800 1.391500 1.536200 1.630800 1.735500 1.818200 1.897100 2.026000 2.104900 2.243800 2.362700 2.451600 2.515500 2.604400 2.708300 2.782200 2.856100 2.955000 2.978900 3.142800 3.236700 3.370600 3.514500 3.648400 3.772300 3.851200 3.951700 4.054800 4.138000 4.271100 4.414200 4.507300 4.640400 4.763500 4.876700 4.999800 5.162900 5.336000 5.409100 5.452300 5.495400 0.000000
0.000000 -0.218100 -0.071200 0.085700 0.262600 0.414500 0.561300 0.668200 0.790100 0.937000 1.073900 1.185800 1.332700 1.484600 1.611500 1.693400 1.740100 1.832500 1.937300 2.072200 2.174600 2.309400 2.416800 2.514200 2.629000 2.716400 2.796300 2.906100 3.016000 3.118400 3.218200 3.330600 3.473000 3.605300 3.742700 3.852600 3.917400 4.304400 4.422200 4.520100 4.657900 4.820700 4.958600 5.071400 5.204200 5.327100 5.469900 5.657700 5.825600 5.898400 5.956200 6.009100 0.000000
0.000000 -0.338100 -0.146200 0.035700 0.212600 0.359500 0.491300 0.618200 0.760100 0.872000 1.008900 1.115800 1.262700 1.439600 1.511500 1.588400 1.680100 1.762500 1.849800 1.982200 2.122100 2.244400 2.374300 2.481700 2.571500 2.673900 2.771300 2.873600 2.956000 3.058400 3.175700 3.270600 3.423000 3.597800 3.770200 3.887600 3.989900 4.219400 4.372200 4.505100 4.637900 4.765700 4.908600 5.021400 5.154200 5.277100 5.419900 5.617700 5.790600 5.863400 5.931200 5.994100 0.000000
0.000000 -0.278100 -0.081200 0.115700 0.297600 0.414500 0.521300 0.628200 0.790100 0.942000 1.098900 1.230800 1.387700 1.509600 1.581500 1.678400 1.675100 1.730000 1.859800 1.994700 2.092100 2.194400 2.311800 2.434200 2.546500 2.651400 2.763800 2.868600 2.993500 3.113400 3.240700 3.338100 3.438000 3.562800 3.710200 3.830100 3.972400 4.259400 4.397200 4.505100 4.657900 4.795700 4.943600 5.061400 5.179200 5.292100 5.424900 5.617700 5.795600 5.888400 5.941200 5.984100 0.000000
0.000000 -0.213100 -0.116200 0.015700 0.197600 0.364500 0.491300 0.608200 0.715100 0.857000 1.013900 1.155800 1.297700 1.424600 1.521500 1.563400 1.642600 1.727500 1.812300 1.969700 2.079600 2.216900 2.341800 2.474200 2.579000 2.693900 2.808800 2.873600 2.951000 3.048400 3.160700 3.280600 3.395500 3.527800 3.695200 3.797600 3.904900 4.224400 4.382200 4.485100 4.652900 4.755700 4.888600 5.011400 5.164200 5.282100 5.419900 5.602700 5.785600 5.873400 5.926200 5.979100 0.000000
0.000000 -0.248100 -0.101200 0.080700 0.252600 0.379500 0.516300 0.623200 0.760100 0.912000 1.048900 1.170800 1.307700 1.449600 1.551500 1.643400 1.667600 1.722500 1.827300 1.962200 2.049600 2.151900 2.271800 2.396700 2.529000 2.633900 2.731300 2.853600 2.953500 3.068400 3.163200 3.295600 3.440500 3.597800 3.732700 3.835100 3.952400 4.184400 4.277200 4.400100 4.557900 4.695700 4.843600 4.986400 5.134200 5.252100 5.399900 5.597700 5.780600 5.868400 5.921200 5.969100 0.000000
0.000000 -0.263100 -0.101200 0.080700 0.302600 0.424500 0.566300 0.708200 0.840100 0.972000 1.093900 1.230800 1.362700 1.459600 1.581500 1.648400 1.675100 1.737500 1.839800 1.989700 2.099600 2.229400 2.336800 2.449200 2.559000 2.676400 2.768800 2.883600 3.001000 3.093400 3.208200 3.308100 3.455500 3.587800 3.747700 3.840100 3.964900 4.219400 4.332200 4.450100 4.527900 4.690700 4.868600 5.021400 5.174200 5.302100 5.434900 5.622700 5.785600 5.868400 5.916200 5.964100 0.000000
0.000000 -0.163100 -0.011200 0.135700 0.322600 0.459500 0.606300 0.718200 0.855100 0.977000 1.103900 1.225800 1.372700 1.469600 1.546500 1.608400 1.675100 1.737500 1.829800 1.957200 2.097100 2.211900 2.351800 2.479200 2.576500 2.696400 2.793800 2.871100 3.016000 3.125900 3.258200 3.368100 3.493000 3.600300 3.745200 3.892600 4.002400 4.214400 4.322200 4.440100 4.572900 4.725700 4.853600 4.976400 5.114200 5.227100 5.359900 5.537700 5.690600 5.763400 5.816200 5.879100 0.000000
0.000000 -0.143100 0.013800 0.200700 0.397600 0.539500 0.676300 0.813200 0.915100 1.052000 1.158900 1.290800 1.412700 1.509600 1.616500 1.688400 1.702600 1.767500 1.889800 2.004700 2.114600 2.244400 2.379300 2.494200 2.594000 2.698900 2.796300 2.876100 2.988500 3.105900 3.238200 3.363100 3.478000 3.635300 3.797700 3.910100 4.017400 4.209400 4.312200 4.490100 4.577900 4.710700 4.848600 4.976400 5.104200 5.242100 5.394900 5.567700 5.750600 5.833400 5.886200 5.934100 0.000000
0.000000 -0.053100 0.083800 0.250700 0.422600 0.554500 0.681300 0.808200 0.940100 1.072000 1.193900 1.320800 1.447700 1.574600 1.671500 1.748400 1.750100 1.797500 1.882300 2.024700 2.159600 2.286900 2.404300 2.519200 2.619000 2.721400 2.826300 2.918600 3.038500 3.155900 3.278200 3.398100 3.495500 3.595300 3.747700 3.897600 4.012400 4.199400 4.357200 4.450100 4.562900 4.710700 4.858600 4.981400 5.114200 5.247100 5.374900 5.557700 5.730600 5.803400 5.856200 5.924100 0.000000
0.000000 -0.018100 0.123800 0.305700 0.497600 0.624500 0.761300 0.883200 0.985100 1.102000 1.208900 1.345800 1.497700 1.634600 1.721500 1.758400 1.740100 1.827500 1.927300 2.029700 2.134600 2.266900 2.394300 2.526700 2.646500 2.753900 2.886300 2.976100 3.071000 3.168400 3.268200 3.383100 3.488000 3.617800 3.770200 3.890100 4.009900 4.214400 4.317200 4.410100 4.542900 4.710700 4.838600 4.951400 5.089200 5.217100 5.354900 5.542700 5.700600 5.783400 5.826200 5.879100 0.000000
0.000000 0.091900 0.248800 0.410700 0.592600 0.719500 0.826300 0.938200 1.070100 1.177000 1.288900 1.385800 1.512700 1.619600 1.726500 1.803400 1.750100 1.827500 1.917300 2.039700 2.177100 2.289400 2.416800 2.516700 2.624000 2.731400 2.833800 2.893600 3.013500 3.150900 3.248200 3.348100 3.480500 3.610300 3.737700 3.835100 3.939900 4.134400 4.262200 4.420100 4.537900 4.670700 4.808600 4.946400 5.084200 5.207100 5.339900 5.527700 5.680600 5.753400 5.796200 5.844100 0.000000
0.000000 0.141900 0.293800 0.445700 0.607600 0.729500 0.861300 0.963200 1.075100 1.197000 1.323900 1.440800 1.562700 1.654600 1.736500 1.798400 1.795100 1.912500 1.954800 2.087200 2.194600 2.319400 2.451800 2.549200 2.666500 2.771400 2.856300 2.961100 3.061000 3.158400 3.268200 3.385600 3.483000 3.612800 3.777700 3.907600 3.999900 4.134400 4.257200 4.385100 4.492900 4.630700 4.778600 4.886400 5.009200 5.112100 5.249900 5.422700 5.590600 5.658400 5.701200 5.764100 0.000000
0.000000 0.191900 0.353800 0.505700 0.677600 0.789500 0.881300 0.998200 1.100100 1.217000 1.318900 1.425800 1.582700 1.644600 1.726500 1.798400 1.797600 1.870000 1.979800 2.054700 2.144600 2.246900 2.381800 2.496700 2.621500 2.713900 2.808800 2.916100 3.006000 3.095900 3.190700 3.300600 3.408000 3.550300 3.650200 3.770100 3.877400 4.044400 4.162200 4.255100 4.387900 4.515700 4.658600 4.771400 4.894200 5.027100 5.174900 5.347700 5.500600 5.568400 5.606200 5.649100 0.000000
0.000000 0.316900 0.448800 0.600700 0.772600 0.904500 1.026300 1.103200 1.205100 1.297000 1.403900 1.505800 1.622700 1.704600 1.771500 1.863400 1.840100 1.897500 1.982300 2.082200 2.204600 2.291900 2.386800 2.496700 2.574000 2.653900 2.751300 2.828600 2.943500 3.068400 3.180700 3.305600 3.400500 3.522800 3.647700 3.742600 3.864900 3.994400 4.117200 4.220100 4.332900 4.470700 4.628600 4.736400 4.854200 4.952100 5.089900 5.262700 5.405600 5.468400 5.511200 5.549100 0.000000
0.000000 0.416900 0.548800 0.695700 0.867600 0.969500 1.076300 1.148200 1.255100 1.377000 1.513900 1.615800 1.722700 1.819600 1.891500 1.918400 1.867600 1.937500 2.019800 2.149700 2.224600 2.346900 2.461800 2.564200 2.606500 2.686400 2.763800 2.853600 2.956000 3.050900 3.150700 3.250600 3.365500 3.485300 3.652700 3.772600 3.842400 3.979400 4.072200 4.190100 4.297900 4.415700 4.558600 4.666400 4.784200 4.887100 5.009900 5.187700 5.345600 5.388400 5.416200 5.459100 0.000000
0.000000 0.556900 0.698800 0.825700 0.997600 1.114500 1.221300 1.308200 1.385100 1.477000 1.588900 1.665800 1.767700 1.874600 1.966500 2.038400 2.002600 2.062500 2.142300 2.187200 2.297100 2.386900 2.486800 2.576700 2.689000 2.766400 2.841300 2.916100 3.016000 3.140900 3.220700 3.283100 3.360500 3.482800 3.615200 3.707600 3.814900 3.954400 4.052200 4.160100 4.247900 4.360700 4.473600 4.576400 4.694200 4.792100 4.899900 5.072700 5.230600 5.268400 5.276200 5.319100 0.000000
0.000000 0.771900 0.878800 1.005700 1.147600 1.259500 1.381300 1.458200 1.560100 1.637000 1.718900 1.780800 1.877700 1.959600 2.061500 2.113400 2.062600 2.115000 2.209800 2.282200 2.382100 2.489400 2.559300 2.646700 2.729000 2.828900 2.878800 2.953600 3.046000 3.135900 3.220700 3.293100 3.405500 3.542800 3.672700 3.737600 3.794900 3.984400 4.082200 4.185100 4.247900 4.370700 4.473600 4.576400 4.679200 4.767100 4.889900 5.032700 5.175600 5.218400 5.226200 5.259100 0.000000
0.000000 0.936900 1.033800 1.165700 1.302600 1.399500 1.491300 1.578200 1.650100 1.717000 1.803900 1.885800 1.967700 2.024600 2.121500 2.133400 2.055100 2.162500 2.249800 2.362200 2.439600 2.506900 2.626800 2.726700 2.786500 2.876400 2.936300 3.003600 3.103500 3.145900 3.193200 3.253100 3.358000 3.485300 3.612700 3.687600 3.767400 3.884400 4.002200 4.080100 4.157900 4.240700 4.348600 4.446400 4.544200 4.632100 4.754900 4.912700 5.050600 5.098400 5.126200 5.154100 0.000000
0.000000 0.996900 1.103800 1.255700 1.412600 1.509500 1.591300 1.648200 1.710100 1.772000 1.853900 1.925800 2.022700 2.119600 2.121500 2.158400 2.082600 2.160000 2.237300 2.294700 2.372100 2.466900 2.566800 2.639200 2.736500 2.803900 2.871300 2.951100 3.041000 3.128400 3.188200 3.260600 3.350500 3.460300 3.560200 3.597600 3.679900 3.834400 3.932200 4.000100 4.057900 4.180700 4.288600 4.376400 4.474200 4.552100 4.644900 4.772700 4.885600 4.938400 4.976200 5.014100 0.000000
0.000000 1.171900 1.303800 1.420700 1.552600 1.639500 1.716300 1.783200 1.880100 1.952000 2.033900 2.105800 2.187700 2.224600 2.281500 2.288400 2.210100 2.272500 2.322300 2.404700 2.487100 2.564400 2.639300 2.721700 2.804000 2.878900 2.926300 2.966100 3.043500 3.098400 3.160700 3.245600 3.328000 3.422800 3.517700 3.582600 3.674900 3.759400 3.912200 3.980100 4.052900 4.145700 4.253600 4.336400 4.429200 4.497100 4.594900 4.737700 4.855600 4.888400 4.891200 4.909100 0.000000
0.000000 1.286900 1.413800 1.530700 1.647600 1.719500 1.776300 1.833200 1.905100 1.962000 2.028900 2.095800 2.172700 2.234600 2.276500 2.313400 2.230100 2.277500 2.334800 2.412200 2.462100 2.556900 2.616800 2.681700 2.744000 2.823900 2.906300 2.938600 2.978500 3.043400 3.070700 3.158100 3.250500 3.342800 3.470200 3.535100 3.599900 3.709400 3.777200 3.845100 3.927900 4.035700 4.148600 4.236400 4.329200 4.402100 4.494900 4.632700 4.750600 4.778400 4.791200 4.814100 0.000000
0.000000 1.443700 1.492800 1.582000 1.701100 1.800200 1.869300 1.938400 2.007500 2.056600 2.125800 2.154900 2.254000 2.293100 2.372200 2.431300 2.252000 2.292800 2.298700 2.389500 2.490300 2.551200 2.657000 2.762800 2.843700 2.929500 3.025300 3.106200 3.142000 3.227800 3.268700 3.329500 3.405300 3.466200 3.602000 3.712800 3.773600 3.977100 4.059600 4.142200 4.224700 4.347300 4.439800 4.542400 4.634900 4.717500 4.810000 4.942600 5.075100 5.117700 5.140200 5.172800 0.000000
0.000000 1.603700 1.662800 1.762000 1.891100 1.990200 2.039300 2.088400 2.147500 2.236600 2.305800 2.384900 2.414000 2.463100 2.502200 2.491300 2.272000 2.312800 2.368700 2.499500 2.575300 2.651200 2.727000 2.802800 2.893700 2.964500 3.035300 3.081200 3.147000 3.187800 3.263700 3.284500 3.350300 3.506200 3.597000 3.692800 3.723600 3.927100 4.019600 4.102200 4.194700 4.307300 4.429800 4.532400 4.634900 4.717500 4.800000 4.912600 5.015100 5.027700 5.020200 5.062800 0.000000
0.000000 1.663700 1.722800 1.872000 1.971100 2.060200 2.119300 2.188400 2.277500 2.346600 2.425800 2.504900 2.574000 2.623100 2.632200 2.631300 2.387000 2.387800 2.458700 2.514500 2.655300 2.751200 2.797000 2.902800 2.988700 3.079500 3.140300 3.151200 3.227000 3.267800 3.308700 3.459500 3.505300 3.576200 3.662000 3.717800 3.758600 3.947100 4.039600 4.112200 4.184700 4.287300 4.389800 4.472400 4.564900 4.647500 4.740000 4.892600 5.015100 5.027700 5.010200 5.022800 0.000000
0.000000 1.753700 1.812800 1.902000 2.001100 2.080200 2.149300 2.248400 2.317500 2.366600 2.435800 2.534900 2.564000 2.563100 2.662200 2.641300 2.432000 2.442800 2.468700 2.554500 2.635300 2.706200 2.822000 2.937800 3.003700 3.049500 3.150300 3.186200 3.252000 3.292800 3.303700 3.324500 3.415300 3.481200 3.577000 3.582800 3.633600 3.897100 3.999600 4.032200 4.084700 4.177300 4.279800 4.362400 4.454900 4.537500 4.640000 4.782600 4.895100 4.937700 4.930200 4.942800 0.000000
0.000000 1.803700 1.892800 2.022000 2.141100 2.220200 2.309300 2.348400 2.407500 2.446600 2.505800 2.574900 2.624000 2.623100 2.682200 2.691300 2.372000 2.397800 2.453700 2.504500 2.565300 2.666200 2.742000 2.817800 2.893700 2.964500 3.025300 3.061200 3.117000 3.157800 3.208700 3.249500 3.295300 3.436200 3.567000 3.592800 3.588600 3.827100 3.899600 3.962200 4.004700 4.117300 4.229800 4.312400 4.404900 4.477500 4.550000 4.672600 4.795100 4.837700 4.830200 4.842800 0.000000
0.000000 1.973700 2.072800 2.192000 2.281100 2.370200 2.409300 2.478400 2.547500 2.606600 2.655800 2.704900 2.774000 2.813100 2.822200 2.831300 2.527000 2.567800 2.633700 2.609500 2.705300 2.801200 2.857000 2.947800 3.008700 3.044500 3.115300 3.146200 3.157000 3.227800 3.303700 3.364500 3.465300 3.566200 3.612000 3.672800 3.713600 3.807100 3.889600 3.932200 4.014700 4.107300 4.189800 4.262400 4.354900 4.417500 4.510000 4.652600 4.755100 4.767700 4.760200 4.752800 0.000000
0.000000 2.033700 2.132800 2.232000 2.331100 2.390200 2.439300 2.478400 2.517500 2.556600 2.575800 2.624900 2.704000 2.753100 2.712200 2.761300 2.537000 2.517800 2.583700 2.589500 2.700300 2.791200 2.867000 2.922800 3.023700 3.069500 3.150300 3.191200 3.252000 3.272800 3.248700 3.299500 3.310300 3.356200 3.462000 3.542800 3.648600 3.787100 3.809600 3.862200 3.934700 4.047300 4.139800 4.222400 4.304900 4.377500 4.430000 4.572600 4.675100 4.707700 4.690200 4.682800 0.000000
0.000000 2.233700 2.312800 2.382000 2.461100 2.520200 2.589300 2.628400 2.677500 2.716600 2.765800 2.814900 2.884000 2.903100 2.932200 2.941300 2.617000 2.642800 2.663700 2.659500 2.735300 2.811200 2.927000 3.047800 3.073700 3.084500 3.195300 3.191200 3.237000 3.257800 3.293700 3.319500 3.390300 3.471200 3.547000 3.542800 3.628600 3.757100 3.819600 3.852200 3.914700 4.007300 4.089800 4.152400 4.244900 4.317500 4.360000 4.472600 4.565100 4.597700 4.610200 4.602800 0.000000
0.000000 2.263700 2.342800 2.462000 2.571100 2.630200 2.669300 2.698400 2.767500 2.826600 2.865800 2.884900 2.944000 2.963100 2.972200 2.991300 2.627000 2.677800 2.733700 2.794500 2.820300 2.866200 2.902000 2.972800 2.973700 3.029500 3.095300 3.141200 3.162000 3.202800 3.278700 3.289500 3.330300 3.381200 3.447000 3.472800 3.528600 3.667100 3.689600 3.742200 3.784700 3.867300 3.969800 4.032400 4.144900 4.207500 4.260000 4.382600 4.485100 4.497700 4.470200 4.472800 0.000000
0.000000 2.403700 2.482800 2.552000 2.631100 2.710200 2.769300 2.808400 2.847500 2.906600 2.955800 3.004900 3.064000 3.093100 3.092200 3.071300 2.657000 2.682800 2.703700 2.759500 2.785300 2.831200 2.902000 2.982800 3.073700 3.124500 3.200300 3.221200 3.232000 3.267800 3.333700 3.349500 3.365300 3.431200 3.517000 3.602800 3.623600 3.707100 3.769600 3.782200 3.814700 3.897300 3.949800 4.032400 4.114900 4.167500 4.240000 4.342600 4.445100 4.457700 4.430200 4.412800 0.000000
0.000000 2.453700 2.542800 2.592000 2.681100 2.770200 2.829300 2.878400 2.907500 2.936600 2.975800 3.004900 3.034000 3.063100 3.092200 3.091300 2.792000 2.777800 2.803700 2.794500 2.845300 2.891200 2.927000 3.022800 3.078700 3.144500 3.175300 3.221200 3.202000 3.232800 3.268700 3.304500 3.385300 3.456200 3.497000 3.527800 3.598600 3.677100 3.679600 3.732200 3.774700 3.857300 3.939800 4.002400 4.074900 4.147500 4.210000 4.332600 4.435100 4.447700 4.430200 4.402800 0.000000
0.000000 2.413700 2.522800 2.622000 2.711100 2.770200 2.789300 2.808400 2.847500 2.906600 2.995800 3.034900 3.094000 3.123100 3.112200 3.081300 2.677000 2.642800 2.683700 2.714500 2.820300 2.856200 2.922000 2.982800 3.053700 3.104500 3.135300 3.176200 3.182000 3.207800 3.263700 3.289500 3.345300 3.426200 3.492000 3.527800 3.543600 3.517100 3.579600 3.622200 3.644700 3.717300 3.789800 3.862400 3.934900 3.997500 4.060000 4.162600 4.255100 4.277700 4.260200 4.252800 0.000000
0.000000 2.483700 2.562800 2.632000 2.721100 2.810200 2.859300 2.858400 2.877500 2.896600 2.945800 2.954900 2.994000 3.033100 3.062200 3.001300 2.707000 2.687800 2.733700 2.769500 2.835300 2.871200 2.922000 2.982800 3.063700 3.049500 3.125300 3.166200 3.197000 3.212800 3.223700 3.259500 3.350300 3.406200 3.472000 3.487800 3.503600 3.577100 3.659600 3.682200 3.704700 3.767300 3.799800 3.882400 3.954900 4.017500 4.080000 4.172600 4.265100 4.287700 4.270200 4.242800 0.000000
0.000000 2.613700 2.672800 2.742000 2.841100 2.900200 2.959300 2.978400 3.017500 3.056600 3.085800 3.114900 3.144000 3.193100 3.242200 3.221300 2.707000 2.737800 2.788700 2.769500 2.815300 2.836200 2.887000 2.932800 3.023700 3.099500 3.170300 3.241200 3.247000 3.272800 3.268700 3.299500 3.330300 3.381200 3.447000 3.452800 3.448600 3.537100 3.599600 3.642200 3.694700 3.717300 3.779800 3.842400 3.914900 3.977500 4.040000 4.132600 4.225100 4.237700 4.220200 4.202800 0.000000
0.000000 2.653700 2.712800 2.792000 2.911100 2.960200 2.989300 3.028400 3.077500 3.096600 3.125800 3.164900 3.224000 3.283100 3.282200 3.281300 2.842000 2.807800 2.838700 2.874500 2.935300 3.001200 3.047000 3.102800 3.153700 3.194500 3.220300 3.236200 3.257000 3.247800 3.298700 3.334500 3.355300 3.416200 3.472000 3.487800 3.533600 3.547100 3.619600 3.642200 3.654700 3.737300 3.799800 3.852400 3.934900 4.007500 4.050000 4.132600 4.205100 4.217700 4.200200 4.212800 0.000000
0.000000 0.000000 0.000000 0.000000 0.000000 0.000000 0.000000 0.000000 0.000000 0.000000 0.000000 0.000000 0.000000 0.000000 0.000000 0.000000 0.000000 0.000000 0.000000 0.000000 0.000000 0.000000 0.000000 0.000000 0.000000 0.000000 0.000000 0.000000 0.000000 0.000000 0.000000 0.000000 0.000000 0.000000 0.000000 0.000000 0.000000 0.000000 0.000000 0.000000 0.000000 0.000000 0.000000 0.000000 0.000000 0.000000 0.000000 0.000000 0.000000 0.000000 0.000000 0.000000 0.000000
