0.000000 -0.144680 -0.289360 -0.454040 -0.588720 -0.713399 -0.818079 -0.922759 -1.067439 -1.222119 -1.366799 -1.491479 -1.556159 -1.670839 -1.785518 -1.948209 -2.057108 -2.146008 -2.249907 -2.323806 -2.397706 -2.481605 -2.570504 -2.669404 -2.718303 -2.772202 -2.876102 -2.950001 -3.028900 -3.132800 -3.231699 -3.325598 -3.469498 -3.628397 -3.732296 -3.866196 -4.041714 -4.114832 -4.217951 -4.331070 -4.484189 -4.597307 -4.710426 -4.823545 -4.906664 -5.019783 -5.192901 -5.366020 -5.389139 -5.402258 -5.435376
-0.070000 -0.224680 -0.359360 -0.524040 -0.648720 -0.763399 -0.858079 -0.962759 -1.087439 -1.212119 -1.366799 -1.491479 -1.616159 -1.730839 -1.805518 -1.993209 -2.062108 -2.156008 -2.219907 -2.323806 -2.427706 -2.521605 -2.600504 -2.699404 -2.778303 -2.877202 -2.946102 -3.055001 -3.158900 -3.252800 -3.351699 -3.420598 -3.519498 -3.658397 -3.742296 -3.836196 -3.991714 -4.054832 -4.137951 -4.221070 -4.374189 -4.497307 -4.630426 -4.753545 -4.856664 -4.979783 -5.172901 -5.326020 -5.399139 -5.422258 -5.455376
-0.120000 -0.234680 -0.349360 -0.524040 -0.648720 -0.713399 -0.788079 -0.922759 -1.087439 -1.192119 -1.346799 -1.491479 -1.586159 -1.730839 -1.755518 -1.968209 -2.042108 -2.141008 -2.234907 -2.373806 -2.477706 -2.566605 -2.635504 -2.724404 -2.823303 -2.917202 -2.996102 -3.090001 -3.178900 -3.257800 -3.346699 -3.440598 -3.554498 -3.663397 -3.757296 -3.891196 -4.051714 -4.164832 -4.307951 -4.361070 -4.484189 -4.607307 -4.740426 -4.873545 -4.996664 -5.099783 -5.292901 -5.456020 -5.499139 -5.502258 -5.535376
-0.030000 -0.094680 -0.239360 -0.364040 -0.508720 -0.633399 -0.778079 -0.892759 -1.037439 -1.142119 -1.246799 -1.371479 -1.486159 -1.620839 -1.745518 -1.868209 -1.947108 -2.116008 -2.214907 -2.313806 -2.397706 -2.521605 -2.625504 -2.684404 -2.758303 -2.847202 -2.951102 -3.035001 -3.138900 -3.222800 -3.291699 -3.370598 -3.474498 -3.598397 -3.702296 -3.791196 -4.001714 -4.104832 -4.197951 -4.381070 -4.484189 -4.597307 -4.720426 -4.833545 -4.976664 -5.089783 -5.202901 -5.326020 -5.359139 -5.402258 -5.455376
0.000000 -0.154680 -0.249360 -0.424040 -0.558720 -0.663399 -0.738079 -0.832759 -1.007439 -1.112119 -1.266799 -1.391479 -1.486159 -1.590839 -1.725518 -1.903209 -1.997108 -2.091008 -2.194907 -2.268806 -2.387706 -2.511605 -2.605504 -2.679404 -2.778303 -2.872202 -2.956102 -3.050001 -3.173900 -3.247800 -3.341699 -3.430598 -3.539498 -3.643397 -3.722296 -3.846196 -4.021714 -4.064832 -4.167951 -4.311070 -4.434189 -4.527307 -4.660426 -4.813545 -4.926664 -5.039783 -5.182901 -5.326020 -5.359139 -5.392258 -5.415376
0.040000 -0.114680 -0.289360 -0.424040 -0.568720 -0.703399 -0.818079 -0.872759 -1.007439 -1.162119 -1.316799 -1.481479 -1.576159 -1.690839 -1.785518 -1.953209 -2.017108 -2.126008 -2.184907 -2.268806 -2.402706 -2.496605 -2.615504 -2.699404 -2.798303 -2.897202 -2.971102 -3.040001 -3.158900 -3.272800 -3.371699 -3.470598 -3.604498 -3.683397 -3.787296 -3.956196 -4.011714 -4.144832 -4.237951 -4.331070 -4.484189 -4.607307 -4.740426 -4.893545 -5.016664 -5.169783 -5.372901 -5.536020 -5.609139 -5.632258 -5.635376
0.050000 -0.124680 -0.279360 -0.434040 -0.528720 -0.603399 -0.768079 -0.932759 -1.057439 -1.132119 -1.256799 -1.381479 -1.486159 -1.600839 -1.655518 -1.898209 -1.982108 -2.076008 -2.179907 -2.248806 -2.362706 -2.426605 -2.560504 -2.664404 -2.818303 -2.937202 -3.026102 -3.125001 -3.238900 -3.332800 -3.406699 -3.540598 -3.654498 -3.778397 -3.877296 -3.941196 -4.121714 -4.204832 -4.337951 -4.431070 -4.554189 -4.677307 -4.800426 -4.923545 -5.046664 -5.169783 -5.342901 -5.496020 -5.549139 -5.562258 -5.605376
0.030000 -0.104680 -0.269360 -0.434040 -0.548720 -0.653399 -0.728079 -0.842759 -1.007439 -1.162119 -1.296799 -1.461479 -1.596159 -1.670839 -1.745518 -1.928209 -2.017108 -2.091008 -2.154907 -2.258806 -2.387706 -2.491605 -2.580504 -2.659404 -2.773303 -2.862202 -2.906102 -2.995001 -3.068900 -3.162800 -3.236699 -3.390598 -3.539498 -3.673397 -3.792296 -3.886196 -4.091714 -4.184832 -4.297951 -4.441070 -4.524189 -4.637307 -4.750426 -4.893545 -4.996664 -5.119783 -5.292901 -5.456020 -5.519139 -5.542258 -5.555376
0.110000 -0.084680 -0.229360 -0.304040 -0.438720 -0.623399 -0.738079 -0.852759 -0.977439 -1.102119 -1.236799 -1.391479 -1.526159 -1.620839 -1.735518 -1.918209 -1.972108 -2.071008 -2.174907 -2.248806 -2.352706 -2.471605 -2.565504 -2.664404 -2.758303 -2.847202 -2.906102 -3.005001 -3.093900 -3.222800 -3.316699 -3.395598 -3.444498 -3.538397 -3.592296 -3.716196 -3.951714 -4.054832 -4.187951 -4.301070 -4.494189 -4.627307 -4.750426 -4.863545 -4.966664 -5.069783 -5.222901 -5.376020 -5.439139 -5.482258 -5.515376
0.100000 -0.044680 -0.189360 -0.354040 -0.488720 -0.553399 -0.648079 -0.762759 -0.897439 -1.032119 -1.186799 -1.351479 -1.456159 -1.560839 -1.645518 -1.843209 -1.927108 -2.031008 -2.134907 -2.213806 -2.312706 -2.421605 -2.480504 -2.574404 -2.668303 -2.777202 -2.896102 -3.000001 -3.083900 -3.187800 -3.281699 -3.385598 -3.459498 -3.518397 -3.677296 -3.771196 -3.911714 -4.044832 -4.207951 -4.291070 -4.384189 -4.497307 -4.640426 -4.783545 -4.896664 -5.029783 -5.202901 -5.336020 -5.389139 -5.402258 -5.455376
0.080000 -0.064680 -0.209360 -0.374040 -0.508720 -0.653399 -0.788079 -0.912759 -1.047439 -1.182119 -1.316799 -1.471479 -1.596159 -1.690839 -1.745518 -1.893209 -1.957108 -2.041008 -2.134907 -2.248806 -2.372706 -2.471605 -2.570504 -2.629404 -2.703303 -2.807202 -2.871102 -2.985001 -3.063900 -3.147800 -3.251699 -3.380598 -3.509498 -3.633397 -3.742296 -3.826196 -3.931714 -4.064832 -4.177951 -4.351070 -4.464189 -4.587307 -4.700426 -4.823545 -4.926664 -5.049783 -5.232901 -5.386020 -5.439139 -5.452258 -5.495376
0.010000 -0.124680 -0.259360 -0.444040 -0.578720 -0.683399 -0.758079 -0.862759 -0.957439 -1.102119 -1.246799 -1.331479 -1.526159 -1.660839 -1.735518 -1.853209 -1.927108 -2.006008 -2.064907 -2.213806 -2.332706 -2.441605 -2.535504 -2.639404 -2.733303 -2.832202 -2.886102 -2.955001 -3.033900 -3.127800 -3.221699 -3.350598 -3.464498 -3.568397 -3.702296 -3.806196 -4.011714 -4.124832 -4.197951 -4.311070 -4.484189 -4.607307 -4.720426 -4.863545 -4.966664 -5.089783 -5.272901 -5.426020 -5.459139 -5.482258 -5.515376
0.140000 -0.064680 -0.209360 -0.384040 -0.548720 -0.673399 -0.778079 -0.882759 -1.037439 -1.182119 -1.316799 -1.451479 -1.586159 -1.670839 -1.735518 -1.818209 -1.862108 -1.991008 -2.119907 -2.233806 -2.342706 -2.456605 -2.565504 -2.644404 -2.713303 -2.807202 -2.931102 -3.020001 -3.103900 -3.177800 -3.286699 -3.360598 -3.509498 -3.688397 -3.802296 -3.906196 -3.991714 -4.054832 -4.187951 -4.321070 -4.414189 -4.597307 -4.760426 -4.893545 -5.006664 -5.129783 -5.312901 -5.456020 -5.509139 -5.532258 -5.565376
0.140000 -0.044680 -0.209360 -0.334040 -0.508720 -0.633399 -0.748079 -0.862759 -1.017439 -1.142119 -1.246799 -1.401479 -1.576159 -1.690839 -1.785518 -1.878209 -1.922108 -2.016008 -2.134907 -2.243806 -2.342706 -2.456605 -2.555504 -2.659404 -2.753303 -2.832202 -2.916102 -3.000001 -3.083900 -3.162800 -3.246699 -3.340598 -3.404498 -3.573397 -3.707296 -3.846196 -4.021714 -4.134832 -4.217951 -4.341070 -4.474189 -4.617307 -4.730426 -4.843545 -4.956664 -5.079783 -5.262901 -5.426020 -5.479139 -5.512258 -5.555376
0.110000 -0.044680 -0.179360 -0.354040 -0.528720 -0.673399 -0.788079 -0.892759 -0.997439 -1.102119 -1.236799 -1.391479 -1.536159 -1.630839 -1.735518 -1.818209 -1.897108 -2.026008 -2.104907 -2.243806 -2.362706 -2.451605 -2.515504 -2.604404 -2.708303 -2.782202 -2.856102 -2.955001 -2.978900 -3.142800 -3.236699 -3.370598 -3.514498 -3.648397 -3.772296 -3.851196 -3.951714 -4.054832 -4.137951 -4.271070 -4.414189 -4.507307 -4.640426 -4.763545 -4.876664 -4.999783 -5.162901 -5.336020 -5.409139 -5.452258 -5.495376
0.218138 0.071240 -0.085657 -0.262554 -0.414452 -0.561349 -0.668246 -0.790144 -0.937041 -1.073938 -1.185836 -1.332733 -1.484631 -1.611528 -1.693425 -1.740114 -1.832479 -1.937344 -2.072210 -2.174575 -2.309440 -2.416806 -2.514171 -2.629037 -2.716402 -2.796267 -2.906133 -3.015998 -3.118363 -3.218229 -3.330594 -3.472959 -3.605325 -3.742690 -3.852555 -3.917421 -4.304405 -4.422238 -4.520072 -4.657905 -4.820738 -4.958572 -5.071405 -5.204238 -5.327072 -5.469905 -5.657739 -5.825572 -5.898405 -5.956239 -6.009072
0.338138 0.146240 -0.035657 -0.212554 -0.359452 -0.491349 -0.618246 -0.760144 -0.872041 -1.008938 -1.115836 -1.262733 -1.439631 -1.511528 -1.588425 -1.680114 -1.762479 -1.849844 -1.982210 -2.122075 -2.244440 -2.374306 -2.481671 -2.571537 -2.673902 -2.771267 -2.873633 -2.955998 -3.058363 -3.175729 -3.270594 -3.422959 -3.597825 -3.770190 -3.887555 -3.989921 -4.219405 -4.372238 -4.505072 -4.637905 -4.765738 -4.908572 -5.021405 -5.154238 -5.277072 -5.419905 -5.617739 -5.790572 -5.863405 -5.931239 -5.994072
0.278138 0.081240 -0.115657 -0.297554 -0.414452 -0.521349 -0.628246 -0.790144 -0.942041 -1.098938 -1.230836 -1.387733 -1.509631 -1.581528 -1.678425 -1.675114 -1.729979 -1.859844 -1.994710 -2.092075 -2.194440 -2.311806 -2.434171 -2.546537 -2.651402 -2.763767 -2.868633 -2.993498 -3.113363 -3.240729 -3.338094 -3.437959 -3.562825 -3.710190 -3.830055 -3.972421 -4.259405 -4.397238 -4.505072 -4.657905 -4.795738 -4.943572 -5.061405 -5.179238 -5.292072 -5.424905 -5.617739 -5.795572 -5.888405 -5.941239 -5.984072
0.213138 0.116240 -0.015657 -0.197554 -0.364452 -0.491349 -0.608246 -0.715144 -0.857041 -1.013938 -1.155836 -1.297733 -1.424631 -1.521528 -1.563425 -1.642614 -1.727479 -1.812344 -1.969710 -2.079575 -2.216940 -2.341806 -2.474171 -2.579037 -2.693902 -2.808767 -2.873633 -2.950998 -3.048363 -3.160729 -3.280594 -3.395459 -3.527825 -3.695190 -3.797555 -3.904921 -4.224405 -4.382238 -4.485072 -4.652905 -4.755738 -4.888572 -5.011405 -5.164238 -5.282072 -5.419905 -5.602739 -5.785572 -5.873405 -5.926239 -5.979072
0.248138 0.101240 -0.080657 -0.252554 -0.379452 -0.516349 -0.623246 -0.760144 -0.912041 -1.048938 -1.170836 -1.307733 -1.449631 -1.551528 -1.643425 -1.667614 -1.722479 -1.827344 -1.962210 -2.049575 -2.151940 -2.271806 -2.396671 -2.529037 -2.633902 -2.731267 -2.853633 -2.953498 -3.068363 -3.163229 -3.295594 -3.440459 -3.597825 -3.732690 -3.835055 -3.952421 -4.184405 -4.277238 -4.400072 -4.557905 -4.695738 -4.843572 -4.986405 -5.134238 -5.252072 -5.399905 -5.597739 -5.780572 -5.868405 -5.921239 -5.969072
0.263138 0.101240 -0.080657 -0.302554 -0.424452 -0.566349 -0.708246 -0.840144 -0.972041 -1.093938 -1.230836 -1.362733 -1.459631 -1.581528 -1.648425 -1.675114 -1.737479 -1.839844 -1.989710 -2.099575 -2.229440 -2.336806 -2.449171 -2.559037 -2.676402 -2.768767 -2.883633 -3.000998 -3.093363 -3.208229 -3.308094 -3.455459 -3.587825 -3.747690 -3.840055 -3.964921 -4.219405 -4.332238 -4.450072 -4.527905 -4.690738 -4.868572 -5.021405 -5.174238 -5.302072 -5.434905 -5.622739 -5.785572 -5.868405 -5.916239 -5.964072
0.163138 0.011240 -0.135657 -0.322554 -0.459452 -0.606349 -0.718246 -0.855144 -0.977041 -1.103938 -1.225836 -1.372733 -1.469631 -1.546528 -1.608425 -1.675114 -1.737479 -1.829844 -1.957210 -2.097075 -2.211940 -2.351806 -2.479171 -2.576537 -2.696402 -2.793767 -2.871133 -3.015998 -3.125863 -3.258229 -3.368094 -3.492959 -3.600325 -3.745190 -3.892555 -4.002421 -4.214405 -4.322238 -4.440072 -4.572905 -4.725738 -4.853572 -4.976405 -5.114238 -5.227072 -5.359905 -5.537739 -5.690572 -5.763405 -5.816239 -5.879072
0.143138 -0.013760 -0.200657 -0.397554 -0.539452 -0.676349 -0.813246 -0.915144 -1.052041 -1.158938 -1.290836 -1.412733 -1.509631 -1.616528 -1.688425 -1.702614 -1.767479 -1.889844 -2.004710 -2.114575 -2.244440 -2.379306 -2.494171 -2.594037 -2.698902 -2.796267 -2.876133 -2.988498 -3.105863 -3.238229 -3.363094 -3.477959 -3.635325 -3.797690 -3.910055 -4.017421 -4.209405 -4.312238 -4.490072 -4.577905 -4.710738 -4.848572 -4.976405 -5.104238 -5.242072 -5.394905 -5.567739 -5.750572 -5.833405 -5.886239 -5.934072
0.053138 -0.083760 -0.250657 -0.422554 -0.554452 -0.681349 -0.808246 -0.940144 -1.072041 -1.193938 -1.320836 -1.447733 -1.574631 -1.671528 -1.748425 -1.750114 -1.797479 -1.882344 -2.024710 -2.159575 -2.286940 -2.404306 -2.519171 -2.619037 -2.721402 -2.826267 -2.918633 -3.038498 -3.155863 -3.278229 -3.398094 -3.495459 -3.595325 -3.747690 -3.897555 -4.012421 -4.199405 -4.357238 -4.450072 -4.562905 -4.710738 -4.858572 -4.981405 -5.114238 -5.247072 -5.374905 -5.557739 -5.730572 -5.803405 -5.856239 -5.924072
0.018138 -0.123760 -0.305657 -0.497554 -0.624452 -0.761349 -0.883246 -0.985144 -1.102041 -1.208938 -1.345836 -1.497733 -1.634631 -1.721528 -1.758425 -1.740114 -1.827479 -1.927344 -2.029710 -2.134575 -2.266940 -2.394306 -2.526671 -2.646537 -2.753902 -2.886267 -2.976133 -3.070998 -3.168363 -3.268229 -3.383094 -3.487959 -3.617825 -3.770190 -3.890055 -4.009921 -4.214405 -4.317238 -4.410072 -4.542905 -4.710738 -4.838572 -4.951405 -5.089238 -5.217072 -5.354905 -5.542739 -5.700572 -5.783405 -5.826239 -5.879072
-0.091862 -0.248760 -0.410657 -0.592554 -0.719452 -0.826349 -0.938246 -1.070144 -1.177041 -1.288938 -1.385836 -1.512733 -1.619631 -1.726528 -1.803425 -1.750114 -1.827479 -1.917344 -2.039710 -2.177075 -2.289440 -2.416806 -2.516671 -2.624037 -2.731402 -2.833767 -2.893633 -3.013498 -3.150863 -3.248229 -3.348094 -3.480459 -3.610325 -3.737690 -3.835055 -3.939921 -4.134405 -4.262238 -4.420072 -4.537905 -4.670738 -4.808572 -4.946405 -5.084238 -5.207072 -5.339905 -5.527739 -5.680572 -5.753405 -5.796239 -5.844072
-0.141862 -0.293760 -0.445657 -0.607554 -0.729452 -0.861349 -0.963246 -1.075144 -1.197041 -1.323938 -1.440836 -1.562733 -1.654631 -1.736528 -1.798425 -1.795114 -1.912479 -1.954844 -2.087210 -2.194575 -2.319440 -2.451806 -2.549171 -2.666537 -2.771402 -2.856267 -2.961133 -3.060998 -3.158363 -3.268229 -3.385594 -3.482959 -3.612825 -3.777690 -3.907555 -3.999921 -4.134405 -4.257238 -4.385072 -4.492905 -4.630738 -4.778572 -4.886405 -5.009238 -5.112072 -5.249905 -5.422739 -5.590572 -5.658405 -5.701239 -5.764072
-0.191862 -0.353760 -0.505657 -0.677554 -0.789452 -0.881349 -0.998246 -1.100144 -1.217041 -1.318938 -1.425836 -1.582733 -1.644631 -1.726528 -1.798425 -1.797614 -1.869979 -1.979844 -2.054710 -2.144575 -2.246940 -2.381806 -2.496671 -2.621537 -2.713902 -2.808767 -2.916133 -3.005998 -3.095863 -3.190729 -3.300594 -3.407959 -3.550325 -3.650190 -3.770055 -3.877421 -4.044405 -4.162238 -4.255072 -4.387905 -4.515738 -4.658572 -4.771405 -4.894238 -5.027072 -5.174905 -5.347739 -5.500572 -5.568405 -5.606239 -5.649072
-0.316862 -0.448760 -0.600657 -0.772554 -0.904452 -1.026349 -1.103246 -1.205144 -1.297041 -1.403938 -1.505836 -1.622733 -1.704631 -1.771528 -1.863425 -1.840114 -1.897479 -1.982344 -2.082210 -2.204575 -2.291940 -2.386806 -2.496671 -2.574037 -2.653902 -2.751267 -2.828633 -2.943498 -3.068363 -3.180729 -3.305594 -3.400459 -3.522825 -3.647690 -3.742555 -3.864921 -3.994405 -4.117238 -4.220072 -4.332905 -4.470738 -4.628572 -4.736405 -4.854238 -4.952072 -5.089905 -5.262739 -5.405572 -5.468405 -5.511239 -5.549072
-0.416862 -0.548760 -0.695657 -0.867554 -0.969452 -1.076349 -1.148246 -1.255144 -1.377041 -1.513938 -1.615836 -1.722733 -1.819631 -1.891528 -1.918425 -1.867614 -1.937479 -2.019844 -2.149710 -2.224575 -2.346940 -2.461806 -2.564171 -2.606537 -2.686402 -2.763767 -2.853633 -2.955998 -3.050863 -3.150729 -3.250594 -3.365459 -3.485325 -3.652690 -3.772555 -3.842421 -3.979405 -4.072238 -4.190072 -4.297905 -4.415738 -4.558572 -4.666405 -4.784238 -4.887072 -5.009905 -5.187739 -5.345572 -5.388405 -5.416239 -5.459072
-0.556862 -0.698760 -0.825657 -0.997554 -1.114452 -1.221349 -1.308246 -1.385144 -1.477041 -1.588938 -1.665836 -1.767733 -1.874631 -1.966528 -2.038425 -2.002614 -2.062479 -2.142344 -2.187210 -2.297075 -2.386940 -2.486806 -2.576671 -2.689037 -2.766402 -2.841267 -2.916133 -3.015998 -3.140863 -3.220729 -3.283094 -3.360459 -3.482825 -3.615190 -3.707555 -3.814921 -3.954405 -4.052238 -4.160072 -4.247905 -4.360738 -4.473572 -4.576405 -4.694238 -4.792072 -4.899905 -5.072739 -5.230572 -5.268405 -5.276239 -5.319072
-0.771862 -0.878760 -1.005657 -1.147554 -1.259452 -1.381349 -1.458246 -1.560144 -1.637041 -1.718938 -1.780836 -1.877733 -1.959631 -2.061528 -2.113425 -2.062614 -2.114979 -2.209844 -2.282210 -2.382075 -2.489440 -2.559306 -2.646671 -2.729037 -2.828902 -2.878767 -2.953633 -3.045998 -3.135863 -3.220729 -3.293094 -3.405459 -3.542825 -3.672690 -3.737555 -3.794921 -3.984405 -4.082238 -4.185072 -4.247905 -4.370738 -4.473572 -4.576405 -4.679238 -4.767072 -4.889905 -5.032739 -5.175572 -5.218405 -5.226239 -5.259072
-0.936862 -1.033760 -1.165657 -1.302554 -1.399452 -1.491349 -1.578246 -1.650144 -1.717041 -1.803938 -1.885836 -1.967733 -2.024631 -2.121528 -2.133425 -2.055114 -2.162479 -2.249844 -2.362210 -2.439575 -2.506940 -2.626806 -2.726671 -2.786537 -2.876402 -2.936267 -3.003633 -3.103498 -3.145863 -3.193229 -3.253094 -3.357959 -3.485325 -3.612690 -3.687555 -3.767421 -3.884405 -4.002238 -4.080072 -4.157905 -4.240738 -4.348572 -4.446405 -4.544238 -4.632072 -4.754905 -4.912739 -5.050572 -5.098405 -5.126239 -5.154072
-0.996862 -1.103760 -1.255657 -1.412554 -1.509452 -1.591349 -1.648246 -1.710144 -1.772041 -1.853938 -1.925836 -2.022733 -2.119631 -2.121528 -2.158425 -2.082614 -2.159979 -2.237344 -2.294710 -2.372075 -2.466940 -2.566806 -2.639171 -2.736537 -2.803902 -2.871267 -2.951133 -3.040998 -3.128363 -3.188229 -3.260594 -3.350459 -3.460325 -3.560190 -3.597555 -3.679921 -3.834405 -3.932238 -4.000072 -4.057905 -4.180738 -4.288572 -4.376405 -4.474238 -4.552072 -4.644905 -4.772739 -4.885572 -4.938405 -4.976239 -5.014072
-1.171862 -1.303760 -1.420657 -1.552554 -1.639452 -1.716349 -1.783246 -1.880144 -1.952041 -2.033938 -2.105836 -2.187733 -2.224631 -2.281528 -2.288425 -2.210114 -2.272479 -2.322344 -2.404710 -2.487075 -2.564440 -2.639306 -2.721671 -2.804037 -2.878902 -2.926267 -2.966133 -3.043498 -3.098363 -3.160729 -3.245594 -3.327959 -3.422825 -3.517690 -3.582555 -3.674921 -3.759405 -3.912238 -3.980072 -4.052905 -4.145738 -4.253572 -4.336405 -4.429238 -4.497072 -4.594905 -4.737739 -4.855572 -4.888405 -4.891239 -4.909072
-1.286862 -1.413760 -1.530657 -1.647554 -1.719452 -1.776349 -1.833246 -1.905144 -1.962041 -2.028938 -2.095836 -2.172733 -2.234631 -2.276528 -2.313425 -2.230114 -2.277479 -2.334844 -2.412210 -2.462075 -2.556940 -2.616806 -2.681671 -2.744037 -2.823902 -2.906267 -2.938633 -2.978498 -3.043363 -3.070729 -3.158094 -3.250459 -3.342825 -3.470190 -3.535055 -3.599921 -3.709405 -3.777238 -3.845072 -3.927905 -4.035738 -4.148572 -4.236405 -4.329238 -4.402072 -4.494905 -4.632739 -4.750572 -4.778405 -4.791239 -4.814072
-1.443724 -1.492839 -1.581954 -1.701069 -1.800184 -1.869299 -1.938413 -2.007528 -2.056643 -2.125758 -2.154873 -2.253988 -2.293102 -2.372217 -2.431332 -2.252018 -2.292850 -2.298681 -2.389512 -2.490344 -2.551175 -2.657007 -2.762838 -2.843669 -2.929501 -3.025332 -3.106164 -3.141995 -3.227826 -3.268658 -3.329489 -3.405320 -3.466152 -3.601983 -3.712815 -3.773646 -3.977096 -4.059644 -4.142192 -4.224740 -4.347288 -4.439836 -4.542384 -4.634932 -4.717480 -4.810028 -4.942576 -5.075124 -5.117672 -5.140220 -5.172768
-1.603724 -1.662839 -1.761954 -1.891069 -1.990184 -2.039299 -2.088413 -2.147528 -2.236643 -2.305758 -2.384873 -2.413988 -2.463102 -2.502217 -2.491332 -2.272018 -2.312850 -2.368681 -2.499512 -2.575344 -2.651175 -2.727007 -2.802838 -2.893669 -2.964501 -3.035332 -3.081164 -3.146995 -3.187826 -3.263658 -3.284489 -3.350320 -3.506152 -3.596983 -3.692815 -3.723646 -3.927096 -4.019644 -4.102192 -4.194740 -4.307288 -4.429836 -4.532384 -4.634932 -4.717480 -4.800028 -4.912576 -5.015124 -5.027672 -5.020220 -5.062768
-1.663724 -1.722839 -1.871954 -1.971069 -2.060184 -2.119299 -2.188413 -2.277528 -2.346643 -2.425758 -2.504873 -2.573988 -2.623102 -2.632217 -2.631332 -2.387018 -2.387850 -2.458681 -2.514512 -2.655344 -2.751175 -2.797007 -2.902838 -2.988669 -3.079501 -3.140332 -3.151164 -3.226995 -3.267826 -3.308658 -3.459489 -3.505320 -3.576152 -3.661983 -3.717815 -3.758646 -3.947096 -4.039644 -4.112192 -4.184740 -4.287288 -4.389836 -4.472384 -4.564932 -4.647480 -4.740028 -4.892576 -5.015124 -5.027672 -5.010220 -5.022768
-1.753724 -1.812839 -1.901954 -2.001069 -2.080184 -2.149299 -2.248413 -2.317528 -2.366643 -2.435758 -2.534873 -2.563988 -2.563102 -2.662217 -2.641332 -2.432018 -2.442850 -2.468681 -2.554512 -2.635344 -2.706175 -2.822007 -2.937838 -3.003669 -3.049501 -3.150332 -3.186164 -3.251995 -3.292826 -3.303658 -3.324489 -3.415320 -3.481152 -3.576983 -3.582815 -3.633646 -3.897096 -3.999644 -4.032192 -4.084740 -4.177288 -4.279836 -4.362384 -4.454932 -4.537480 -4.640028 -4.782576 -4.895124 -4.937672 -4.930220 -4.942768
-1.803724 -1.892839 -2.021954 -2.141069 -2.220184 -2.309299 -2.348413 -2.407528 -2.446643 -2.505758 -2.574873 -2.623988 -2.623102 -2.682217 -2.691332 -2.372018 -2.397850 -2.453681 -2.504512 -2.565344 -2.666175 -2.742007 -2.817838 -2.893669 -2.964501 -3.025332 -3.061164 -3.116995 -3.157826 -3.208658 -3.249489 -3.295320 -3.436152 -3.566983 -3.592815 -3.588646 -3.827096 -3.899644 -3.962192 -4.004740 -4.117288 -4.229836 -4.312384 -4.404932 -4.477480 -4.550028 -4.672576 -4.795124 -4.837672 -4.830220 -4.842768
-1.973724 -2.072839 -2.191954 -2.281069 -2.370184 -2.409299 -2.478413 -2.547528 -2.606643 -2.655758 -2.704873 -2.773988 -2.813102 -2.822217 -2.831332 -2.527018 -2.567850 -2.633681 -2.609512 -2.705344 -2.801175 -2.857007 -2.947838 -3.008669 -3.044501 -3.115332 -3.146164 -3.156995 -3.227826 -3.303658 -3.364489 -3.465320 -3.566152 -3.611983 -3.672815 -3.713646 -3.807096 -3.889644 -3.932192 -4.014740 -4.107288 -4.189836 -4.262384 -4.354932 -4.417480 -4.510028 -4.652576 -4.755124 -4.767672 -4.760220 -4.752768
-2.033724 -2.132839 -2.231954 -2.331069 -2.390184 -2.439299 -2.478413 -2.517528 -2.556643 -2.575758 -2.624873 -2.703988 -2.753102 -2.712217 -2.761332 -2.537018 -2.517850 -2.583681 -2.589512 -2.700344 -2.791175 -2.867007 -2.922838 -3.023669 -3.069501 -3.150332 -3.191164 -3.251995 -3.272826 -3.248658 -3.299489 -3.310320 -3.356152 -3.461983 -3.542815 -3.648646 -3.787096 -3.809644 -3.862192 -3.934740 -4.047288 -4.139836 -4.222384 -4.304932 -4.377480 -4.430028 -4.572576 -4.675124 -4.707672 -4.690220 -4.682768
-2.233724 -2.312839 -2.381954 -2.461069 -2.520184 -2.589299 -2.628413 -2.677528 -2.716643 -2.765758 -2.814873 -2.883988 -2.903102 -2.932217 -2.941332 -2.617018 -2.642850 -2.663681 -2.659512 -2.735344 -2.811175 -2.927007 -3.047838 -3.073669 -3.084501 -3.195332 -3.191164 -3.236995 -3.257826 -3.293658 -3.319489 -3.390320 -3.471152 -3.546983 -3.542815 -3.628646 -3.757096 -3.819644 -3.852192 -3.914740 -4.007288 -4.089836 -4.152384 -4.244932 -4.317480 -4.360028 -4.472576 -4.565124 -4.597672 -4.610220 -4.602768
-2.263724 -2.342839 -2.461954 -2.571069 -2.630184 -2.669299 -2.698413 -2.767528 -2.826643 -2.865758 -2.884873 -2.943988 -2.963102 -2.972217 -2.991332 -2.627018 -2.677850 -2.733681 -2.794512 -2.820344 -2.866175 -2.902007 -2.972838 -2.973669 -3.029501 -3.095332 -3.141164 -3.161995 -3.202826 -3.278658 -3.289489 -3.330320 -3.381152 -3.446983 -3.472815 -3.528646 -3.667096 -3.689644 -3.742192 -3.784740 -3.867288 -3.969836 -4.032384 -4.144932 -4.207480 -4.260028 -4.382576 -4.485124 -4.497672 -4.470220 -4.472768
-2.403724 -2.482839 -2.551954 -2.631069 -2.710184 -2.769299 -2.808413 -2.847528 -2.906643 -2.955758 -3.004873 -3.063988 -3.093102 -3.092217 -3.071332 -2.657018 -2.682850 -2.703681 -2.759512 -2.785344 -2.831175 -2.902007 -2.982838 -3.073669 -3.124501 -3.200332 -3.221164 -3.231995 -3.267826 -3.333658 -3.349489 -3.365320 -3.431152 -3.516983 -3.602815 -3.623646 -3.707096 -3.769644 -3.782192 -3.814740 -3.897288 -3.949836 -4.032384 -4.114932 -4.167480 -4.240028 -4.342576 -4.445124 -4.457672 -4.430220 -4.412768
-2.453724 -2.542839 -2.591954 -2.681069 -2.770184 -2.829299 -2.878413 -2.907528 -2.936643 -2.975758 -3.004873 -3.033988 -3.063102 -3.092217 -3.091332 -2.792018 -2.777850 -2.803681 -2.794512 -2.845344 -2.891175 -2.927007 -3.022838 -3.078669 -3.144501 -3.175332 -3.221164 -3.201995 -3.232826 -3.268658 -3.304489 -3.385320 -3.456152 -3.496983 -3.527815 -3.598646 -3.677096 -3.679644 -3.732192 -3.774740 -3.857288 -3.939836 -4.002384 -4.074932 -4.147480 -4.210028 -4.332576 -4.435124 -4.447672 -4.430220 -4.402768
-2.413724 -2.522839 -2.621954 -2.711069 -2.770184 -2.789299 -2.808413 -2.847528 -2.906643 -2.995758 -3.034873 -3.093988 -3.123102 -3.112217 -3.081332 -2.677018 -2.642850 -2.683681 -2.714512 -2.820344 -2.856175 -2.922007 -2.982838 -3.053669 -3.104501 -3.135332 -3.176164 -3.181995 -3.207826 -3.263658 -3.289489 -3.345320 -3.426152 -3.491983 -3.527815 -3.543646 -3.517096 -3.579644 -3.622192 -3.644740 -3.717288 -3.789836 -3.862384 -3.934932 -3.997480 -4.060028 -4.162576 -4.255124 -4.277672 -4.260220 -4.252768
-2.483724 -2.562839 -2.631954 -2.721069 -2.810184 -2.859299 -2.858413 -2.877528 -2.896643 -2.945758 -2.954873 -2.993988 -3.033102 -3.062217 -3.001332 -2.707018 -2.687850 -2.733681 -2.769512 -2.835344 -2.871175 -2.922007 -2.982838 -3.063669 -3.049501 -3.125332 -3.166164 -3.196995 -3.212826 -3.223658 -3.259489 -3.350320 -3.406152 -3.471983 -3.487815 -3.503646 -3.577096 -3.659644 -3.682192 -3.704740 -3.767288 -3.799836 -3.882384 -3.954932 -4.017480 -4.080028 -4.172576 -4.265124 -4.287672 -4.270220 -4.242768
-2.613724 -2.672839 -2.741954 -2.841069 -2.900184 -2.959299 -2.978413 -3.017528 -3.056643 -3.085758 -3.114873 -3.143988 -3.193102 -3.242217 -3.221332 -2.707018 -2.737850 -2.788681 -2.769512 -2.815344 -2.836175 -2.887007 -2.932838 -3.023669 -3.099501 -3.170332 -3.241164 -3.246995 -3.272826 -3.268658 -3.299489 -3.330320 -3.381152 -3.446983 -3.452815 -3.448646 -3.537096 -3.599644 -3.642192 -3.694740 -3.717288 -3.779836 -3.842384 -3.914932 -3.977480 -4.040028 -4.132576 -4.225124 -4.237672 -4.220220 -4.202768
-2.653724 -2.712839 -2.791954 -2.911069 -2.960184 -2.989299 -3.028413 -3.077528 -3.096643 -3.125758 -3.164873 -3.223988 -3.283102 -3.282217 -3.281332 -2.842018 -2.807850 -2.838681 -2.874512 -2.935344 -3.001175 -3.047007 -3.102838 -3.153669 -3.194501 -3.220332 -3.236164 -3.256995 -3.247826 -3.298658 -3.334489 -3.355320 -3.416152 -3.471983 -3.487815 -3.533646 -3.547096 -3.619644 -3.642192 -3.654740 -3.737288 -3.799836 -3.852384 -3.934932 -4.007480 -4.050028 -4.132576 -4.205124 -4.217672 -4.200220 -4.212768
