%SerialNumber: 642583-1-1
%Ax1Name: Y; Ax1Num: 1; Ax1Sign: 1; Ax1Slave: 0
%Ax2Name: X; Ax2Num: 3; Ax2Sign: 1; Ax2Slave: 0
%UserUnits: MM
%Operator: BJL; Model: PlanarHD-500-500-ES20058; AirTemp: 21.24; MatTemp: 21.39; expandCoef: 0.0; Comment: 2D Calibration Zone1
% Ax1TestLoc Ax2TestLoc Ax1CmdPos Ax2CmdPos Ax1RelErr Ax2RelErr
%
1.0	1.0	-250.000000	-250.000000	-0.000780	0.003340
2.0	1.0	-240.000000	-250.000000	-0.000800	0.003170
3.0	1.0	-230.000000	-250.000000	-0.000820	0.003000
4.0	1.0	-220.000000	-250.000000	-0.000820	0.002810
5.0	1.0	-210.000000	-250.000000	-0.000830	0.002650
6.0	1.0	-200.000000	-250.000000	-0.000830	0.002500
7.0	1.0	-190.000000	-250.000000	-0.000800	0.002370
8.0	1.0	-180.000000	-250.000000	-0.000850	0.002240
9.0	1.0	-170.000000	-250.000000	-0.000830	0.002070
10.0	1.0	-160.000000	-250.000000	-0.000800	0.001890
11.0	1.0	-150.000000	-250.000000	-0.000820	0.001720
12.0	1.0	-140.000000	-250.000000	-0.000840	0.001570
13.0	1.0	-130.000000	-250.000000	-0.000850	0.001480
14.0	1.0	-120.000000	-250.000000	-0.000870	0.001340
15.0	1.0	-110.000000	-250.000000	-0.000830	0.001200
16.0	1.0	-100.000000	-250.000000	-0.000850	0.001090
17.0	1.0	-90.000000	-250.000000	-0.000900	0.000960
18.0	1.0	-80.000000	-250.000000	-0.000880	0.000830
19.0	1.0	-70.000000	-250.000000	-0.000830	0.000700
20.0	1.0	-60.000000	-250.000000	-0.000870	0.000580
21.0	1.0	-50.000000	-250.000000	-0.000930	0.000510
22.0	1.0	-40.000000	-250.000000	-0.000880	0.000370
23.0	1.0	-30.000000	-250.000000	-0.000890	0.000280
24.0	1.0	-20.000000	-250.000000	-0.000880	0.000170
25.0	1.0	-10.000000	-250.000000	-0.000880	0.000120
26.0	1.0	0.000000	-250.000000	-0.000860	0.000080
27.0	1.0	10.000000	-250.000000	-0.000900	-0.000050
28.0	1.0	20.000000	-250.000000	-0.000960	-0.000150
29.0	1.0	30.000000	-250.000000	-0.000990	-0.000230
30.0	1.0	40.000000	-250.000000	-0.000970	-0.000370
31.0	1.0	50.000000	-250.000000	-0.001070	-0.000480
32.0	1.0	60.000000	-250.000000	-0.000990	-0.000600
33.0	1.0	70.000000	-250.000000	-0.000940	-0.000810
34.0	1.0	80.000000	-250.000000	-0.000980	-0.000990
35.0	1.0	90.000000	-250.000000	-0.001020	-0.001110
36.0	1.0	100.000000	-250.000000	-0.001100	-0.001270
1.0	2.0	-250.000000	-240.000000	-0.000670	0.003270
2.0	2.0	-240.000000	-240.000000	-0.000660	0.003090
3.0	2.0	-230.000000	-240.000000	-0.000680	0.002930
4.0	2.0	-220.000000	-240.000000	-0.000730	0.002740
5.0	2.0	-210.000000	-240.000000	-0.000740	0.002590
6.0	2.0	-200.000000	-240.000000	-0.000790	0.002450
7.0	2.0	-190.000000	-240.000000	-0.000750	0.002330
8.0	2.0	-180.000000	-240.000000	-0.000790	0.002200
9.0	2.0	-170.000000	-240.000000	-0.000750	0.002050
10.0	2.0	-160.000000	-240.000000	-0.000730	0.001900
11.0	2.0	-150.000000	-240.000000	-0.000780	0.001720
12.0	2.0	-140.000000	-240.000000	-0.000770	0.001570
13.0	2.0	-130.000000	-240.000000	-0.000780	0.001420
14.0	2.0	-120.000000	-240.000000	-0.000780	0.001280
15.0	2.0	-110.000000	-240.000000	-0.000780	0.001180
16.0	2.0	-100.000000	-240.000000	-0.000860	0.001050
17.0	2.0	-90.000000	-240.000000	-0.000910	0.000910
18.0	2.0	-80.000000	-240.000000	-0.000870	0.000810
19.0	2.0	-70.000000	-240.000000	-0.000830	0.000760
20.0	2.0	-60.000000	-240.000000	-0.000880	0.000620
21.0	2.0	-50.000000	-240.000000	-0.000960	0.000500
22.0	2.0	-40.000000	-240.000000	-0.000910	0.000370
23.0	2.0	-30.000000	-240.000000	-0.000920	0.000270
24.0	2.0	-20.000000	-240.000000	-0.000890	0.000120
25.0	2.0	-10.000000	-240.000000	-0.000870	-0.000010
26.0	2.0	0.000000	-240.000000	-0.000840	-0.000170
27.0	2.0	10.000000	-240.000000	-0.000880	-0.000270
28.0	2.0	20.000000	-240.000000	-0.000920	-0.000410
29.0	2.0	30.000000	-240.000000	-0.000960	-0.000540
30.0	2.0	40.000000	-240.000000	-0.000920	-0.000660
31.0	2.0	50.000000	-240.000000	-0.001020	-0.000780
32.0	2.0	60.000000	-240.000000	-0.000960	-0.000850
33.0	2.0	70.000000	-240.000000	-0.000910	-0.000980
34.0	2.0	80.000000	-240.000000	-0.000960	-0.001170
35.0	2.0	90.000000	-240.000000	-0.001000	-0.001270
36.0	2.0	100.000000	-240.000000	-0.001080	-0.001370
1.0	3.0	-250.000000	-230.000000	-0.000780	0.003220
2.0	3.0	-240.000000	-230.000000	-0.000760	0.003080
3.0	3.0	-230.000000	-230.000000	-0.000770	0.002940
4.0	3.0	-220.000000	-230.000000	-0.000770	0.002740
5.0	3.0	-210.000000	-230.000000	-0.000840	0.002590
6.0	3.0	-200.000000	-230.000000	-0.000840	0.002500
7.0	3.0	-190.000000	-230.000000	-0.000820	0.002400
8.0	3.0	-180.000000	-230.000000	-0.000830	0.002240
9.0	3.0	-170.000000	-230.000000	-0.000780	0.002050
10.0	3.0	-160.000000	-230.000000	-0.000780	0.001920
11.0	3.0	-150.000000	-230.000000	-0.000820	0.001740
12.0	3.0	-140.000000	-230.000000	-0.000840	0.001570
13.0	3.0	-130.000000	-230.000000	-0.000860	0.001450
14.0	3.0	-120.000000	-230.000000	-0.000870	0.001280
15.0	3.0	-110.000000	-230.000000	-0.000820	0.001230
16.0	3.0	-100.000000	-230.000000	-0.000860	0.001100
17.0	3.0	-90.000000	-230.000000	-0.000900	0.000940
18.0	3.0	-80.000000	-230.000000	-0.000890	0.000820
19.0	3.0	-70.000000	-230.000000	-0.000840	0.000710
20.0	3.0	-60.000000	-230.000000	-0.000900	0.000550
21.0	3.0	-50.000000	-230.000000	-0.000950	0.000440
22.0	3.0	-40.000000	-230.000000	-0.000890	0.000340
23.0	3.0	-30.000000	-230.000000	-0.000890	0.000240
24.0	3.0	-20.000000	-230.000000	-0.000890	0.000120
25.0	3.0	-10.000000	-230.000000	-0.000890	-0.000010
26.0	3.0	0.000000	-230.000000	-0.000870	-0.000130
27.0	3.0	10.000000	-230.000000	-0.000920	-0.000240
28.0	3.0	20.000000	-230.000000	-0.000950	-0.000380
29.0	3.0	30.000000	-230.000000	-0.000960	-0.000480
30.0	3.0	40.000000	-230.000000	-0.000920	-0.000560
31.0	3.0	50.000000	-230.000000	-0.001020	-0.000680
32.0	3.0	60.000000	-230.000000	-0.000920	-0.000840
33.0	3.0	70.000000	-230.000000	-0.000870	-0.000980
34.0	3.0	80.000000	-230.000000	-0.000930	-0.001080
35.0	3.0	90.000000	-230.000000	-0.000990	-0.001190
36.0	3.0	100.000000	-230.000000	-0.001070	-0.001380
1.0	4.0	-250.000000	-220.000000	-0.000650	0.003310
2.0	4.0	-240.000000	-220.000000	-0.000650	0.003220
3.0	4.0	-230.000000	-220.000000	-0.000690	0.003050
4.0	4.0	-220.000000	-220.000000	-0.000700	0.002900
5.0	4.0	-210.000000	-220.000000	-0.000730	0.002730
6.0	4.0	-200.000000	-220.000000	-0.000730	0.002580
7.0	4.0	-190.000000	-220.000000	-0.000710	0.002410
8.0	4.0	-180.000000	-220.000000	-0.000770	0.002270
9.0	4.0	-170.000000	-220.000000	-0.000740	0.002100
10.0	4.0	-160.000000	-220.000000	-0.000700	0.001970
11.0	4.0	-150.000000	-220.000000	-0.000730	0.001840
12.0	4.0	-140.000000	-220.000000	-0.000770	0.001690
13.0	4.0	-130.000000	-220.000000	-0.000810	0.001550
14.0	4.0	-120.000000	-220.000000	-0.000850	0.001390
15.0	4.0	-110.000000	-220.000000	-0.000810	0.001240
16.0	4.0	-100.000000	-220.000000	-0.000830	0.001130
17.0	4.0	-90.000000	-220.000000	-0.000880	0.001130
18.0	4.0	-80.000000	-220.000000	-0.000850	0.000900
19.0	4.0	-70.000000	-220.000000	-0.000810	0.000770
20.0	4.0	-60.000000	-220.000000	-0.000880	0.000630
21.0	4.0	-50.000000	-220.000000	-0.000950	0.000550
22.0	4.0	-40.000000	-220.000000	-0.000920	0.000380
23.0	4.0	-30.000000	-220.000000	-0.000920	0.000260
24.0	4.0	-20.000000	-220.000000	-0.000910	0.000200
25.0	4.0	-10.000000	-220.000000	-0.000900	0.000120
26.0	4.0	0.000000	-220.000000	-0.000890	0.000010
27.0	4.0	10.000000	-220.000000	-0.000940	-0.000140
28.0	4.0	20.000000	-220.000000	-0.000970	-0.000250
29.0	4.0	30.000000	-220.000000	-0.000990	-0.000390
30.0	4.0	40.000000	-220.000000	-0.000950	-0.000530
31.0	4.0	50.000000	-220.000000	-0.001040	-0.000650
32.0	4.0	60.000000	-220.000000	-0.000970	-0.000750
33.0	4.0	70.000000	-220.000000	-0.000970	-0.000860
34.0	4.0	80.000000	-220.000000	-0.001040	-0.000960
35.0	4.0	90.000000	-220.000000	-0.001080	-0.001110
36.0	4.0	100.000000	-220.000000	-0.001160	-0.001230
1.0	5.0	-250.000000	-210.000000	-0.000790	0.003340
2.0	5.0	-240.000000	-210.000000	-0.000780	0.003160
3.0	5.0	-230.000000	-210.000000	-0.000790	0.003040
4.0	5.0	-220.000000	-210.000000	-0.000790	0.002840
5.0	5.0	-210.000000	-210.000000	-0.000780	0.002680
6.0	5.0	-200.000000	-210.000000	-0.000750	0.002550
7.0	5.0	-190.000000	-210.000000	-0.000750	0.002450
8.0	5.0	-180.000000	-210.000000	-0.000820	0.002330
9.0	5.0	-170.000000	-210.000000	-0.000780	0.002130
10.0	5.0	-160.000000	-210.000000	-0.000740	0.002000
11.0	5.0	-150.000000	-210.000000	-0.000780	0.001820
12.0	5.0	-140.000000	-210.000000	-0.000800	0.001670
13.0	5.0	-130.000000	-210.000000	-0.000840	0.001550
14.0	5.0	-120.000000	-210.000000	-0.000830	0.001420
15.0	5.0	-110.000000	-210.000000	-0.000810	0.001260
16.0	5.0	-100.000000	-210.000000	-0.000790	0.001150
17.0	5.0	-90.000000	-210.000000	-0.000830	0.001020
18.0	5.0	-80.000000	-210.000000	-0.000810	0.000870
19.0	5.0	-70.000000	-210.000000	-0.000780	0.000750
20.0	5.0	-60.000000	-210.000000	-0.000840	0.000660
21.0	5.0	-50.000000	-210.000000	-0.000870	0.000520
22.0	5.0	-40.000000	-210.000000	-0.000820	0.000350
23.0	5.0	-30.000000	-210.000000	-0.000860	0.000210
24.0	5.0	-20.000000	-210.000000	-0.000890	0.000130
25.0	5.0	-10.000000	-210.000000	-0.000920	0.000010
26.0	5.0	0.000000	-210.000000	-0.000880	-0.000110
27.0	5.0	10.000000	-210.000000	-0.000910	-0.000210
28.0	5.0	20.000000	-210.000000	-0.000960	-0.000320
29.0	5.0	30.000000	-210.000000	-0.001000	-0.000490
30.0	5.0	40.000000	-210.000000	-0.000970	-0.000600
31.0	5.0	50.000000	-210.000000	-0.001050	-0.000710
32.0	5.0	60.000000	-210.000000	-0.000940	-0.000830
33.0	5.0	70.000000	-210.000000	-0.000910	-0.000960
34.0	5.0	80.000000	-210.000000	-0.000990	-0.001100
35.0	5.0	90.000000	-210.000000	-0.001030	-0.001230
36.0	5.0	100.000000	-210.000000	-0.001130	-0.001340
1.0	6.0	-250.000000	-200.000000	-0.000690	0.003380
2.0	6.0	-240.000000	-200.000000	-0.000700	0.003200
3.0	6.0	-230.000000	-200.000000	-0.000680	0.003000
4.0	6.0	-220.000000	-200.000000	-0.000720	0.002840
5.0	6.0	-210.000000	-200.000000	-0.000750	0.002670
6.0	6.0	-200.000000	-200.000000	-0.000740	0.002510
7.0	6.0	-190.000000	-200.000000	-0.000700	0.002370
8.0	6.0	-180.000000	-200.000000	-0.000760	0.002290
9.0	6.0	-170.000000	-200.000000	-0.000710	0.002130
10.0	6.0	-160.000000	-200.000000	-0.000670	0.001950
11.0	6.0	-150.000000	-200.000000	-0.000710	0.001770
12.0	6.0	-140.000000	-200.000000	-0.000740	0.001580
13.0	6.0	-130.000000	-200.000000	-0.000760	0.001460
14.0	6.0	-120.000000	-200.000000	-0.000760	0.001320
15.0	6.0	-110.000000	-200.000000	-0.000740	0.001200
16.0	6.0	-100.000000	-200.000000	-0.000790	0.001130
17.0	6.0	-90.000000	-200.000000	-0.000830	0.001030
18.0	6.0	-80.000000	-200.000000	-0.000850	0.000880
19.0	6.0	-70.000000	-200.000000	-0.000810	0.000750
20.0	6.0	-60.000000	-200.000000	-0.000870	0.000640
21.0	6.0	-50.000000	-200.000000	-0.000930	0.000490
22.0	6.0	-40.000000	-200.000000	-0.000900	0.000370
23.0	6.0	-30.000000	-200.000000	-0.000900	0.000230
24.0	6.0	-20.000000	-200.000000	-0.000890	0.000130
25.0	6.0	-10.000000	-200.000000	-0.000890	0.000010
26.0	6.0	0.000000	-200.000000	-0.000880	-0.000100
27.0	6.0	10.000000	-200.000000	-0.000910	-0.000210
28.0	6.0	20.000000	-200.000000	-0.000970	-0.000280
29.0	6.0	30.000000	-200.000000	-0.000980	-0.000440
30.0	6.0	40.000000	-200.000000	-0.000920	-0.000560
31.0	6.0	50.000000	-200.000000	-0.001000	-0.000710
32.0	6.0	60.000000	-200.000000	-0.000910	-0.000800
33.0	6.0	70.000000	-200.000000	-0.000870	-0.000970
34.0	6.0	80.000000	-200.000000	-0.000950	-0.001120
35.0	6.0	90.000000	-200.000000	-0.001010	-0.001280
36.0	6.0	100.000000	-200.000000	-0.001100	-0.001530
1.0	7.0	-250.000000	-190.000000	-0.000640	0.003390
2.0	7.0	-240.000000	-190.000000	-0.000690	0.003190
3.0	7.0	-230.000000	-190.000000	-0.000660	0.003010
4.0	7.0	-220.000000	-190.000000	-0.000680	0.002830
5.0	7.0	-210.000000	-190.000000	-0.000710	0.002710
6.0	7.0	-200.000000	-190.000000	-0.000720	0.002610
7.0	7.0	-190.000000	-190.000000	-0.000690	0.002420
8.0	7.0	-180.000000	-190.000000	-0.000740	0.002230
9.0	7.0	-170.000000	-190.000000	-0.000710	0.002080
10.0	7.0	-160.000000	-190.000000	-0.000640	0.001980
11.0	7.0	-150.000000	-190.000000	-0.000680	0.001830
12.0	7.0	-140.000000	-190.000000	-0.000690	0.001680
13.0	7.0	-130.000000	-190.000000	-0.000730	0.001550
14.0	7.0	-120.000000	-190.000000	-0.000760	0.001410
15.0	7.0	-110.000000	-190.000000	-0.000730	0.001330
16.0	7.0	-100.000000	-190.000000	-0.000770	0.001190
17.0	7.0	-90.000000	-190.000000	-0.000830	0.001070
18.0	7.0	-80.000000	-190.000000	-0.000800	0.000930
19.0	7.0	-70.000000	-190.000000	-0.000760	0.000800
20.0	7.0	-60.000000	-190.000000	-0.000830	0.000720
21.0	7.0	-50.000000	-190.000000	-0.000910	0.000570
22.0	7.0	-40.000000	-190.000000	-0.000860	0.000510
23.0	7.0	-30.000000	-190.000000	-0.000910	0.000310
24.0	7.0	-20.000000	-190.000000	-0.000880	0.000180
25.0	7.0	-10.000000	-190.000000	-0.000860	-0.000020
26.0	7.0	0.000000	-190.000000	-0.000840	-0.000170
27.0	7.0	10.000000	-190.000000	-0.000890	-0.000290
28.0	7.0	20.000000	-190.000000	-0.000930	-0.000420
29.0	7.0	30.000000	-190.000000	-0.000950	-0.000570
30.0	7.0	40.000000	-190.000000	-0.000930	-0.000710
31.0	7.0	50.000000	-190.000000	-0.001020	-0.000790
32.0	7.0	60.000000	-190.000000	-0.000910	-0.000950
33.0	7.0	70.000000	-190.000000	-0.000870	-0.001090
34.0	7.0	80.000000	-190.000000	-0.000970	-0.001240
35.0	7.0	90.000000	-190.000000	-0.001020	-0.001400
36.0	7.0	100.000000	-190.000000	-0.001090	-0.001470
1.0	8.0	-250.000000	-180.000000	-0.000620	0.003370
2.0	8.0	-240.000000	-180.000000	-0.000630	0.003210
3.0	8.0	-230.000000	-180.000000	-0.000620	0.003020
4.0	8.0	-220.000000	-180.000000	-0.000630	0.002830
5.0	8.0	-210.000000	-180.000000	-0.000660	0.002690
6.0	8.0	-200.000000	-180.000000	-0.000670	0.002560
7.0	8.0	-190.000000	-180.000000	-0.000640	0.002460
8.0	8.0	-180.000000	-180.000000	-0.000710	0.002320
9.0	8.0	-170.000000	-180.000000	-0.000670	0.002130
10.0	8.0	-160.000000	-180.000000	-0.000640	0.001950
11.0	8.0	-150.000000	-180.000000	-0.000660	0.001790
12.0	8.0	-140.000000	-180.000000	-0.000670	0.001600
13.0	8.0	-130.000000	-180.000000	-0.000710	0.001440
14.0	8.0	-120.000000	-180.000000	-0.000750	0.001340
15.0	8.0	-110.000000	-180.000000	-0.000720	0.001240
16.0	8.0	-100.000000	-180.000000	-0.000740	0.001120
17.0	8.0	-90.000000	-180.000000	-0.000790	0.000980
18.0	8.0	-80.000000	-180.000000	-0.000760	0.000870
19.0	8.0	-70.000000	-180.000000	-0.000700	0.000780
20.0	8.0	-60.000000	-180.000000	-0.000740	0.000640
21.0	8.0	-50.000000	-180.000000	-0.000800	0.000490
22.0	8.0	-40.000000	-180.000000	-0.000780	0.000340
23.0	8.0	-30.000000	-180.000000	-0.000830	0.000240
24.0	8.0	-20.000000	-180.000000	-0.000830	0.000160
25.0	8.0	-10.000000	-180.000000	-0.000830	0.000040
26.0	8.0	0.000000	-180.000000	-0.000820	-0.000080
27.0	8.0	10.000000	-180.000000	-0.000860	-0.000130
28.0	8.0	20.000000	-180.000000	-0.000880	-0.000220
29.0	8.0	30.000000	-180.000000	-0.000920	-0.000330
30.0	8.0	40.000000	-180.000000	-0.000880	-0.000490
31.0	8.0	50.000000	-180.000000	-0.000980	-0.000620
32.0	8.0	60.000000	-180.000000	-0.000880	-0.000800
33.0	8.0	70.000000	-180.000000	-0.000840	-0.000910
34.0	8.0	80.000000	-180.000000	-0.000920	-0.001090
35.0	8.0	90.000000	-180.000000	-0.000990	-0.001250
36.0	8.0	100.000000	-180.000000	-0.001070	-0.001360
1.0	9.0	-250.000000	-170.000000	-0.000580	0.003450
2.0	9.0	-240.000000	-170.000000	-0.000590	0.003230
3.0	9.0	-230.000000	-170.000000	-0.000600	0.003060
4.0	9.0	-220.000000	-170.000000	-0.000610	0.002960
5.0	9.0	-210.000000	-170.000000	-0.000620	0.002800
6.0	9.0	-200.000000	-170.000000	-0.000630	0.002590
7.0	9.0	-190.000000	-170.000000	-0.000600	0.002450
8.0	9.0	-180.000000	-170.000000	-0.000670	0.002310
9.0	9.0	-170.000000	-170.000000	-0.000650	0.002160
10.0	9.0	-160.000000	-170.000000	-0.000590	0.002010
11.0	9.0	-150.000000	-170.000000	-0.000570	0.001850
12.0	9.0	-140.000000	-170.000000	-0.000600	0.001670
13.0	9.0	-130.000000	-170.000000	-0.000650	0.001510
14.0	9.0	-120.000000	-170.000000	-0.000690	0.001390
15.0	9.0	-110.000000	-170.000000	-0.000680	0.001250
16.0	9.0	-100.000000	-170.000000	-0.000720	0.001090
17.0	9.0	-90.000000	-170.000000	-0.000750	0.000970
18.0	9.0	-80.000000	-170.000000	-0.000740	0.000860
19.0	9.0	-70.000000	-170.000000	-0.000670	0.000740
20.0	9.0	-60.000000	-170.000000	-0.000720	0.000630
21.0	9.0	-50.000000	-170.000000	-0.000800	0.000540
22.0	9.0	-40.000000	-170.000000	-0.000800	0.000400
23.0	9.0	-30.000000	-170.000000	-0.000820	0.000280
24.0	9.0	-20.000000	-170.000000	-0.000800	0.000150
25.0	9.0	-10.000000	-170.000000	-0.000790	0.000030
26.0	9.0	0.000000	-170.000000	-0.000790	-0.000060
27.0	9.0	10.000000	-170.000000	-0.000850	-0.000140
28.0	9.0	20.000000	-170.000000	-0.000880	-0.000280
29.0	9.0	30.000000	-170.000000	-0.000900	-0.000380
30.0	9.0	40.000000	-170.000000	-0.000860	-0.000520
31.0	9.0	50.000000	-170.000000	-0.000960	-0.000640
32.0	9.0	60.000000	-170.000000	-0.000870	-0.000750
33.0	9.0	70.000000	-170.000000	-0.000820	-0.000790
34.0	9.0	80.000000	-170.000000	-0.000900	-0.000910
35.0	9.0	90.000000	-170.000000	-0.000950	-0.001040
36.0	9.0	100.000000	-170.000000	-0.001030	-0.001130
1.0	10.0	-250.000000	-160.000000	-0.000470	0.003440
2.0	10.0	-240.000000	-160.000000	-0.000470	0.003270
3.0	10.0	-230.000000	-160.000000	-0.000510	0.003100
4.0	10.0	-220.000000	-160.000000	-0.000530	0.002910
5.0	10.0	-210.000000	-160.000000	-0.000550	0.002750
6.0	10.0	-200.000000	-160.000000	-0.000550	0.002660
7.0	10.0	-190.000000	-160.000000	-0.000520	0.002540
8.0	10.0	-180.000000	-160.000000	-0.000610	0.002400
9.0	10.0	-170.000000	-160.000000	-0.000560	0.002240
10.0	10.0	-160.000000	-160.000000	-0.000500	0.002080
11.0	10.0	-150.000000	-160.000000	-0.000550	0.001900
12.0	10.0	-140.000000	-160.000000	-0.000580	0.001710
13.0	10.0	-130.000000	-160.000000	-0.000650	0.001580
14.0	10.0	-120.000000	-160.000000	-0.000700	0.001450
15.0	10.0	-110.000000	-160.000000	-0.000690	0.001340
16.0	10.0	-100.000000	-160.000000	-0.000720	0.001180
17.0	10.0	-90.000000	-160.000000	-0.000770	0.001070
18.0	10.0	-80.000000	-160.000000	-0.000760	0.000970
19.0	10.0	-70.000000	-160.000000	-0.000700	0.000870
20.0	10.0	-60.000000	-160.000000	-0.000750	0.000780
21.0	10.0	-50.000000	-160.000000	-0.000830	0.000610
22.0	10.0	-40.000000	-160.000000	-0.000800	0.000450
23.0	10.0	-30.000000	-160.000000	-0.000810	0.000420
24.0	10.0	-20.000000	-160.000000	-0.000730	0.000310
25.0	10.0	-10.000000	-160.000000	-0.000730	0.000200
26.0	10.0	0.000000	-160.000000	-0.000760	0.000060
27.0	10.0	10.000000	-160.000000	-0.000850	-0.000110
28.0	10.0	20.000000	-160.000000	-0.000860	-0.000260
29.0	10.0	30.000000	-160.000000	-0.000870	-0.000390
30.0	10.0	40.000000	-160.000000	-0.000810	-0.000520
31.0	10.0	50.000000	-160.000000	-0.000900	-0.000640
32.0	10.0	60.000000	-160.000000	-0.000830	-0.000770
33.0	10.0	70.000000	-160.000000	-0.000810	-0.000880
34.0	10.0	80.000000	-160.000000	-0.000890	-0.001010
35.0	10.0	90.000000	-160.000000	-0.000950	-0.001220
36.0	10.0	100.000000	-160.000000	-0.001030	-0.001320
1.0	11.0	-250.000000	-150.000000	-0.000490	0.003420
2.0	11.0	-240.000000	-150.000000	-0.000480	0.003250
3.0	11.0	-230.000000	-150.000000	-0.000500	0.003080
4.0	11.0	-220.000000	-150.000000	-0.000540	0.002890
5.0	11.0	-210.000000	-150.000000	-0.000540	0.002730
6.0	11.0	-200.000000	-150.000000	-0.000520	0.002560
7.0	11.0	-190.000000	-150.000000	-0.000470	0.002400
8.0	11.0	-180.000000	-150.000000	-0.000560	0.002250
9.0	11.0	-170.000000	-150.000000	-0.000550	0.002090
10.0	11.0	-160.000000	-150.000000	-0.000490	0.001930
11.0	11.0	-150.000000	-150.000000	-0.000500	0.001770
12.0	11.0	-140.000000	-150.000000	-0.000520	0.001590
13.0	11.0	-130.000000	-150.000000	-0.000560	0.001440
14.0	11.0	-120.000000	-150.000000	-0.000610	0.001320
15.0	11.0	-110.000000	-150.000000	-0.000610	0.001240
16.0	11.0	-100.000000	-150.000000	-0.000670	0.001130
17.0	11.0	-90.000000	-150.000000	-0.000690	0.000990
18.0	11.0	-80.000000	-150.000000	-0.000650	0.000870
19.0	11.0	-70.000000	-150.000000	-0.000630	0.000760
20.0	11.0	-60.000000	-150.000000	-0.000740	0.000620
21.0	11.0	-50.000000	-150.000000	-0.000790	0.000470
22.0	11.0	-40.000000	-150.000000	-0.000720	0.000360
23.0	11.0	-30.000000	-150.000000	-0.000760	0.000250
24.0	11.0	-20.000000	-150.000000	-0.000750	0.000190
25.0	11.0	-10.000000	-150.000000	-0.000760	0.000110
26.0	11.0	0.000000	-150.000000	-0.000760	-0.000010
27.0	11.0	10.000000	-150.000000	-0.000800	-0.000130
28.0	11.0	20.000000	-150.000000	-0.000840	-0.000290
29.0	11.0	30.000000	-150.000000	-0.000890	-0.000390
30.0	11.0	40.000000	-150.000000	-0.000850	-0.000550
31.0	11.0	50.000000	-150.000000	-0.000940	-0.000690
32.0	11.0	60.000000	-150.000000	-0.000850	-0.000860
33.0	11.0	70.000000	-150.000000	-0.000800	-0.001020
34.0	11.0	80.000000	-150.000000	-0.000870	-0.001180
35.0	11.0	90.000000	-150.000000	-0.000930	-0.001280
36.0	11.0	100.000000	-150.000000	-0.001010	-0.001380
1.0	12.0	-250.000000	-140.000000	-0.000450	0.003350
2.0	12.0	-240.000000	-140.000000	-0.000440	0.003190
3.0	12.0	-230.000000	-140.000000	-0.000430	0.003030
4.0	12.0	-220.000000	-140.000000	-0.000440	0.002820
5.0	12.0	-210.000000	-140.000000	-0.000440	0.002660
6.0	12.0	-200.000000	-140.000000	-0.000480	0.002530
7.0	12.0	-190.000000	-140.000000	-0.000490	0.002430
8.0	12.0	-180.000000	-140.000000	-0.000560	0.002300
9.0	12.0	-170.000000	-140.000000	-0.000560	0.002180
10.0	12.0	-160.000000	-140.000000	-0.000510	0.002010
11.0	12.0	-150.000000	-140.000000	-0.000530	0.001840
12.0	12.0	-140.000000	-140.000000	-0.000550	0.001730
13.0	12.0	-130.000000	-140.000000	-0.000590	0.001510
14.0	12.0	-120.000000	-140.000000	-0.000620	0.001350
15.0	12.0	-110.000000	-140.000000	-0.000580	0.001250
16.0	12.0	-100.000000	-140.000000	-0.000590	0.001120
17.0	12.0	-90.000000	-140.000000	-0.000630	0.001000
18.0	12.0	-80.000000	-140.000000	-0.000630	0.000930
19.0	12.0	-70.000000	-140.000000	-0.000600	0.000870
20.0	12.0	-60.000000	-140.000000	-0.000660	0.000630
21.0	12.0	-50.000000	-140.000000	-0.000730	0.000500
22.0	12.0	-40.000000	-140.000000	-0.000670	0.000360
23.0	12.0	-30.000000	-140.000000	-0.000700	0.000270
24.0	12.0	-20.000000	-140.000000	-0.000650	0.000150
25.0	12.0	-10.000000	-140.000000	-0.000660	0.000010
26.0	12.0	0.000000	-140.000000	-0.000670	-0.000080
27.0	12.0	10.000000	-140.000000	-0.000750	-0.000130
28.0	12.0	20.000000	-140.000000	-0.000800	-0.000220
29.0	12.0	30.000000	-140.000000	-0.000850	-0.000330
30.0	12.0	40.000000	-140.000000	-0.000810	-0.000440
31.0	12.0	50.000000	-140.000000	-0.000900	-0.000550
32.0	12.0	60.000000	-140.000000	-0.000810	-0.000690
33.0	12.0	70.000000	-140.000000	-0.000760	-0.000830
34.0	12.0	80.000000	-140.000000	-0.000820	-0.000990
35.0	12.0	90.000000	-140.000000	-0.000870	-0.001140
36.0	12.0	100.000000	-140.000000	-0.000960	-0.001270
1.0	13.0	-250.000000	-130.000000	-0.000450	0.003480
2.0	13.0	-240.000000	-130.000000	-0.000480	0.003250
3.0	13.0	-230.000000	-130.000000	-0.000530	0.003080
4.0	13.0	-220.000000	-130.000000	-0.000550	0.002880
5.0	13.0	-210.000000	-130.000000	-0.000500	0.002690
6.0	13.0	-200.000000	-130.000000	-0.000500	0.002540
7.0	13.0	-190.000000	-130.000000	-0.000500	0.002410
8.0	13.0	-180.000000	-130.000000	-0.000540	0.002280
9.0	13.0	-170.000000	-130.000000	-0.000520	0.002100
10.0	13.0	-160.000000	-130.000000	-0.000440	0.001930
11.0	13.0	-150.000000	-130.000000	-0.000460	0.001770
12.0	13.0	-140.000000	-130.000000	-0.000480	0.001610
13.0	13.0	-130.000000	-130.000000	-0.000530	0.001450
14.0	13.0	-120.000000	-130.000000	-0.000600	0.001340
15.0	13.0	-110.000000	-130.000000	-0.000570	0.001250
16.0	13.0	-100.000000	-130.000000	-0.000610	0.001140
17.0	13.0	-90.000000	-130.000000	-0.000670	0.001020
18.0	13.0	-80.000000	-130.000000	-0.000640	0.000910
19.0	13.0	-70.000000	-130.000000	-0.000600	0.000840
20.0	13.0	-60.000000	-130.000000	-0.000640	0.000700
21.0	13.0	-50.000000	-130.000000	-0.000690	0.000580
22.0	13.0	-40.000000	-130.000000	-0.000680	0.000430
23.0	13.0	-30.000000	-130.000000	-0.000750	0.000290
24.0	13.0	-20.000000	-130.000000	-0.000740	0.000180
25.0	13.0	-10.000000	-130.000000	-0.000730	0.000080
26.0	13.0	0.000000	-130.000000	-0.000740	-0.000070
27.0	13.0	10.000000	-130.000000	-0.000770	-0.000220
28.0	13.0	20.000000	-130.000000	-0.000800	-0.000310
29.0	13.0	30.000000	-130.000000	-0.000870	-0.000420
30.0	13.0	40.000000	-130.000000	-0.000820	-0.000540
31.0	13.0	50.000000	-130.000000	-0.000890	-0.000690
32.0	13.0	60.000000	-130.000000	-0.000790	-0.000800
33.0	13.0	70.000000	-130.000000	-0.000740	-0.000970
34.0	13.0	80.000000	-130.000000	-0.000800	-0.001180
35.0	13.0	90.000000	-130.000000	-0.000870	-0.001320
36.0	13.0	100.000000	-130.000000	-0.000960	-0.001470
1.0	14.0	-250.000000	-120.000000	-0.000350	0.003480
2.0	14.0	-240.000000	-120.000000	-0.000430	0.003270
3.0	14.0	-230.000000	-120.000000	-0.000450	0.003080
4.0	14.0	-220.000000	-120.000000	-0.000460	0.002930
5.0	14.0	-210.000000	-120.000000	-0.000430	0.002730
6.0	14.0	-200.000000	-120.000000	-0.000430	0.002580
7.0	14.0	-190.000000	-120.000000	-0.000430	0.002440
8.0	14.0	-180.000000	-120.000000	-0.000460	0.002300
9.0	14.0	-170.000000	-120.000000	-0.000440	0.002120
10.0	14.0	-160.000000	-120.000000	-0.000400	0.001970
11.0	14.0	-150.000000	-120.000000	-0.000430	0.001840
12.0	14.0	-140.000000	-120.000000	-0.000460	0.001660
13.0	14.0	-130.000000	-120.000000	-0.000510	0.001460
14.0	14.0	-120.000000	-120.000000	-0.000570	0.001320
15.0	14.0	-110.000000	-120.000000	-0.000550	0.001200
16.0	14.0	-100.000000	-120.000000	-0.000590	0.001100
17.0	14.0	-90.000000	-120.000000	-0.000660	0.000980
18.0	14.0	-80.000000	-120.000000	-0.000630	0.000850
19.0	14.0	-70.000000	-120.000000	-0.000600	0.000760
20.0	14.0	-60.000000	-120.000000	-0.000640	0.000610
21.0	14.0	-50.000000	-120.000000	-0.000720	0.000480
22.0	14.0	-40.000000	-120.000000	-0.000680	0.000350
23.0	14.0	-30.000000	-120.000000	-0.000760	0.000210
24.0	14.0	-20.000000	-120.000000	-0.000770	0.000070
25.0	14.0	-10.000000	-120.000000	-0.000770	-0.000020
26.0	14.0	0.000000	-120.000000	-0.000760	-0.000100
27.0	14.0	10.000000	-120.000000	-0.000800	-0.000190
28.0	14.0	20.000000	-120.000000	-0.000860	-0.000310
29.0	14.0	30.000000	-120.000000	-0.000900	-0.000430
30.0	14.0	40.000000	-120.000000	-0.000840	-0.000520
31.0	14.0	50.000000	-120.000000	-0.000910	-0.000610
32.0	14.0	60.000000	-120.000000	-0.000800	-0.000730
33.0	14.0	70.000000	-120.000000	-0.000770	-0.000760
34.0	14.0	80.000000	-120.000000	-0.000840	-0.000980
35.0	14.0	90.000000	-120.000000	-0.000910	-0.001120
36.0	14.0	100.000000	-120.000000	-0.000980	-0.001340
1.0	15.0	-250.000000	-110.000000	-0.000170	0.003450
2.0	15.0	-240.000000	-110.000000	-0.000260	0.003270
3.0	15.0	-230.000000	-110.000000	-0.000340	0.003110
4.0	15.0	-220.000000	-110.000000	-0.000410	0.002910
5.0	15.0	-210.000000	-110.000000	-0.000390	0.002710
6.0	15.0	-200.000000	-110.000000	-0.000380	0.002540
7.0	15.0	-190.000000	-110.000000	-0.000340	0.002400
8.0	15.0	-180.000000	-110.000000	-0.000370	0.002270
9.0	15.0	-170.000000	-110.000000	-0.000370	0.002140
10.0	15.0	-160.000000	-110.000000	-0.000340	0.002010
11.0	15.0	-150.000000	-110.000000	-0.000360	0.001850
12.0	15.0	-140.000000	-110.000000	-0.000370	0.001670
13.0	15.0	-130.000000	-110.000000	-0.000440	0.001500
14.0	15.0	-120.000000	-110.000000	-0.000510	0.001380
15.0	15.0	-110.000000	-110.000000	-0.000470	0.001250
16.0	15.0	-100.000000	-110.000000	-0.000510	0.001110
17.0	15.0	-90.000000	-110.000000	-0.000570	0.001010
18.0	15.0	-80.000000	-110.000000	-0.000570	0.000850
19.0	15.0	-70.000000	-110.000000	-0.000560	0.000750
20.0	15.0	-60.000000	-110.000000	-0.000620	0.000620
21.0	15.0	-50.000000	-110.000000	-0.000660	0.000470
22.0	15.0	-40.000000	-110.000000	-0.000580	0.000400
23.0	15.0	-30.000000	-110.000000	-0.000660	0.000340
24.0	15.0	-20.000000	-110.000000	-0.000730	0.000230
25.0	15.0	-10.000000	-110.000000	-0.000720	0.000080
26.0	15.0	0.000000	-110.000000	-0.000740	0.000010
27.0	15.0	10.000000	-110.000000	-0.000760	-0.000090
28.0	15.0	20.000000	-110.000000	-0.000800	-0.000240
29.0	15.0	30.000000	-110.000000	-0.000830	-0.000230
30.0	15.0	40.000000	-110.000000	-0.000790	-0.000490
31.0	15.0	50.000000	-110.000000	-0.000870	-0.000620
32.0	15.0	60.000000	-110.000000	-0.000750	-0.000790
33.0	15.0	70.000000	-110.000000	-0.000720	-0.001020
34.0	15.0	80.000000	-110.000000	-0.000770	-0.001140
35.0	15.0	90.000000	-110.000000	-0.000850	-0.001300
36.0	15.0	100.000000	-110.000000	-0.000950	-0.001420
1.0	16.0	-250.000000	-100.000000	-0.000190	0.003480
2.0	16.0	-240.000000	-100.000000	-0.000260	0.003300
3.0	16.0	-230.000000	-100.000000	-0.000280	0.003120
4.0	16.0	-220.000000	-100.000000	-0.000270	0.002920
5.0	16.0	-210.000000	-100.000000	-0.000290	0.002740
6.0	16.0	-200.000000	-100.000000	-0.000330	0.002570
7.0	16.0	-190.000000	-100.000000	-0.000370	0.002450
8.0	16.0	-180.000000	-100.000000	-0.000400	0.002320
9.0	16.0	-170.000000	-100.000000	-0.000410	0.002140
10.0	16.0	-160.000000	-100.000000	-0.000360	0.001980
11.0	16.0	-150.000000	-100.000000	-0.000410	0.001830
12.0	16.0	-140.000000	-100.000000	-0.000450	0.001650
13.0	16.0	-130.000000	-100.000000	-0.000440	0.001460
14.0	16.0	-120.000000	-100.000000	-0.000490	0.001310
15.0	16.0	-110.000000	-100.000000	-0.000470	0.001200
16.0	16.0	-100.000000	-100.000000	-0.000540	0.001090
17.0	16.0	-90.000000	-100.000000	-0.000590	0.000960
18.0	16.0	-80.000000	-100.000000	-0.000570	0.000860
19.0	16.0	-70.000000	-100.000000	-0.000550	0.000720
20.0	16.0	-60.000000	-100.000000	-0.000610	0.000630
21.0	16.0	-50.000000	-100.000000	-0.000700	0.000500
22.0	16.0	-40.000000	-100.000000	-0.000660	0.000390
23.0	16.0	-30.000000	-100.000000	-0.000730	0.000250
24.0	16.0	-20.000000	-100.000000	-0.000700	0.000100
25.0	16.0	-10.000000	-100.000000	-0.000680	-0.000010
26.0	16.0	0.000000	-100.000000	-0.000710	-0.000110
27.0	16.0	10.000000	-100.000000	-0.000770	-0.000230
28.0	16.0	20.000000	-100.000000	-0.000810	-0.000320
29.0	16.0	30.000000	-100.000000	-0.000830	-0.000470
30.0	16.0	40.000000	-100.000000	-0.000770	-0.000580
31.0	16.0	50.000000	-100.000000	-0.000840	-0.000700
32.0	16.0	60.000000	-100.000000	-0.000720	-0.000860
33.0	16.0	70.000000	-100.000000	-0.000690	-0.001030
34.0	16.0	80.000000	-100.000000	-0.000760	-0.001200
35.0	16.0	90.000000	-100.000000	-0.000830	-0.001350
36.0	16.0	100.000000	-100.000000	-0.000910	-0.001460
1.0	17.0	-250.000000	-90.000000	-0.000200	0.003520
2.0	17.0	-240.000000	-90.000000	-0.000230	0.003340
3.0	17.0	-230.000000	-90.000000	-0.000220	0.003150
4.0	17.0	-220.000000	-90.000000	-0.000230	0.002940
5.0	17.0	-210.000000	-90.000000	-0.000270	0.002760
6.0	17.0	-200.000000	-90.000000	-0.000350	0.002610
7.0	17.0	-190.000000	-90.000000	-0.000340	0.002490
8.0	17.0	-180.000000	-90.000000	-0.000360	0.002330
9.0	17.0	-170.000000	-90.000000	-0.000370	0.002200
10.0	17.0	-160.000000	-90.000000	-0.000290	0.002030
11.0	17.0	-150.000000	-90.000000	-0.000330	0.001920
12.0	17.0	-140.000000	-90.000000	-0.000360	0.001750
13.0	17.0	-130.000000	-90.000000	-0.000380	0.001530
14.0	17.0	-120.000000	-90.000000	-0.000470	0.001420
15.0	17.0	-110.000000	-90.000000	-0.000460	0.001290
16.0	17.0	-100.000000	-90.000000	-0.000500	0.001180
17.0	17.0	-90.000000	-90.000000	-0.000570	0.001080
18.0	17.0	-80.000000	-90.000000	-0.000550	0.000970
19.0	17.0	-70.000000	-90.000000	-0.000510	0.000880
20.0	17.0	-60.000000	-90.000000	-0.000550	0.000700
21.0	17.0	-50.000000	-90.000000	-0.000650	0.000560
22.0	17.0	-40.000000	-90.000000	-0.000610	0.000420
23.0	17.0	-30.000000	-90.000000	-0.000660	0.000330
24.0	17.0	-20.000000	-90.000000	-0.000620	0.000240
25.0	17.0	-10.000000	-90.000000	-0.000650	0.000090
26.0	17.0	0.000000	-90.000000	-0.000710	-0.000050
27.0	17.0	10.000000	-90.000000	-0.000760	-0.000130
28.0	17.0	20.000000	-90.000000	-0.000790	-0.000280
29.0	17.0	30.000000	-90.000000	-0.000810	-0.000460
30.0	17.0	40.000000	-90.000000	-0.000760	-0.000570
31.0	17.0	50.000000	-90.000000	-0.000850	-0.000720
32.0	17.0	60.000000	-90.000000	-0.000740	-0.000900
33.0	17.0	70.000000	-90.000000	-0.000690	-0.001050
34.0	17.0	80.000000	-90.000000	-0.000750	-0.001190
35.0	17.0	90.000000	-90.000000	-0.000800	-0.001280
36.0	17.0	100.000000	-90.000000	-0.000860	-0.001460
1.0	18.0	-250.000000	-80.000000	-0.000260	0.003480
2.0	18.0	-240.000000	-80.000000	-0.000280	0.003270
3.0	18.0	-230.000000	-80.000000	-0.000230	0.003070
4.0	18.0	-220.000000	-80.000000	-0.000210	0.002860
5.0	18.0	-210.000000	-80.000000	-0.000260	0.002750
6.0	18.0	-200.000000	-80.000000	-0.000270	0.002630
7.0	18.0	-190.000000	-80.000000	-0.000280	0.002510
8.0	18.0	-180.000000	-80.000000	-0.000330	0.002330
9.0	18.0	-170.000000	-80.000000	-0.000340	0.002160
10.0	18.0	-160.000000	-80.000000	-0.000290	0.001970
11.0	18.0	-150.000000	-80.000000	-0.000290	0.001790
12.0	18.0	-140.000000	-80.000000	-0.000330	0.001610
13.0	18.0	-130.000000	-80.000000	-0.000370	0.001450
14.0	18.0	-120.000000	-80.000000	-0.000420	0.001350
15.0	18.0	-110.000000	-80.000000	-0.000410	0.001260
16.0	18.0	-100.000000	-80.000000	-0.000470	0.001190
17.0	18.0	-90.000000	-80.000000	-0.000540	0.001080
18.0	18.0	-80.000000	-80.000000	-0.000500	0.000940
19.0	18.0	-70.000000	-80.000000	-0.000470	0.000820
20.0	18.0	-60.000000	-80.000000	-0.000510	0.000650
21.0	18.0	-50.000000	-80.000000	-0.000610	0.000570
22.0	18.0	-40.000000	-80.000000	-0.000570	0.000460
23.0	18.0	-30.000000	-80.000000	-0.000600	0.000320
24.0	18.0	-20.000000	-80.000000	-0.000560	0.000200
25.0	18.0	-10.000000	-80.000000	-0.000560	0.000070
26.0	18.0	0.000000	-80.000000	-0.000590	-0.000050
27.0	18.0	10.000000	-80.000000	-0.000640	-0.000180
28.0	18.0	20.000000	-80.000000	-0.000650	-0.000330
29.0	18.0	30.000000	-80.000000	-0.000660	-0.000460
30.0	18.0	40.000000	-80.000000	-0.000630	-0.000650
31.0	18.0	50.000000	-80.000000	-0.000750	-0.000780
32.0	18.0	60.000000	-80.000000	-0.000670	-0.000930
33.0	18.0	70.000000	-80.000000	-0.000610	-0.001100
34.0	18.0	80.000000	-80.000000	-0.000690	-0.001230
35.0	18.0	90.000000	-80.000000	-0.000750	-0.001350
36.0	18.0	100.000000	-80.000000	-0.000820	-0.001490
1.0	19.0	-250.000000	-70.000000	0.000010	0.003500
2.0	19.0	-240.000000	-70.000000	-0.000070	0.003380
3.0	19.0	-230.000000	-70.000000	-0.000110	0.003240
4.0	19.0	-220.000000	-70.000000	-0.000170	0.003050
5.0	19.0	-210.000000	-70.000000	-0.000230	0.002860
6.0	19.0	-200.000000	-70.000000	-0.000250	0.002690
7.0	19.0	-190.000000	-70.000000	-0.000260	0.002530
8.0	19.0	-180.000000	-70.000000	-0.000260	0.002400
9.0	19.0	-170.000000	-70.000000	-0.000270	0.002250
10.0	19.0	-160.000000	-70.000000	-0.000220	0.002080
11.0	19.0	-150.000000	-70.000000	-0.000240	0.001910
12.0	19.0	-140.000000	-70.000000	-0.000230	0.001730
13.0	19.0	-130.000000	-70.000000	-0.000270	0.001590
14.0	19.0	-120.000000	-70.000000	-0.000320	0.001480
15.0	19.0	-110.000000	-70.000000	-0.000290	0.001430
16.0	19.0	-100.000000	-70.000000	-0.000330	0.001330
17.0	19.0	-90.000000	-70.000000	-0.000440	0.001140
18.0	19.0	-80.000000	-70.000000	-0.000420	0.000980
19.0	19.0	-70.000000	-70.000000	-0.000380	0.000800
20.0	19.0	-60.000000	-70.000000	-0.000450	0.000660
21.0	19.0	-50.000000	-70.000000	-0.000540	0.000500
22.0	19.0	-40.000000	-70.000000	-0.000510	0.000390
23.0	19.0	-30.000000	-70.000000	-0.000550	0.000260
24.0	19.0	-20.000000	-70.000000	-0.000510	0.000130
25.0	19.0	-10.000000	-70.000000	-0.000490	0.000010
26.0	19.0	0.000000	-70.000000	-0.000530	-0.000140
27.0	19.0	10.000000	-70.000000	-0.000600	-0.000250
28.0	19.0	20.000000	-70.000000	-0.000630	-0.000390
29.0	19.0	30.000000	-70.000000	-0.000620	-0.000490
30.0	19.0	40.000000	-70.000000	-0.000550	-0.000600
31.0	19.0	50.000000	-70.000000	-0.000660	-0.000730
32.0	19.0	60.000000	-70.000000	-0.000600	-0.000890
33.0	19.0	70.000000	-70.000000	-0.000580	-0.001020
34.0	19.0	80.000000	-70.000000	-0.000640	-0.001200
35.0	19.0	90.000000	-70.000000	-0.000690	-0.001290
36.0	19.0	100.000000	-70.000000	-0.000770	-0.001430
1.0	20.0	-250.000000	-60.000000	-0.000080	0.003520
2.0	20.0	-240.000000	-60.000000	-0.000100	0.003380
3.0	20.0	-230.000000	-60.000000	-0.000130	0.003180
4.0	20.0	-220.000000	-60.000000	-0.000140	0.002980
5.0	20.0	-210.000000	-60.000000	-0.000190	0.002820
6.0	20.0	-200.000000	-60.000000	-0.000200	0.002660
7.0	20.0	-190.000000	-60.000000	-0.000210	0.002540
8.0	20.0	-180.000000	-60.000000	-0.000260	0.002380
9.0	20.0	-170.000000	-60.000000	-0.000260	0.002200
10.0	20.0	-160.000000	-60.000000	-0.000220	0.002060
11.0	20.0	-150.000000	-60.000000	-0.000240	0.001920
12.0	20.0	-140.000000	-60.000000	-0.000260	0.001760
13.0	20.0	-130.000000	-60.000000	-0.000290	0.001600
14.0	20.0	-120.000000	-60.000000	-0.000330	0.001480
15.0	20.0	-110.000000	-60.000000	-0.000300	0.001380
16.0	20.0	-100.000000	-60.000000	-0.000330	0.001250
17.0	20.0	-90.000000	-60.000000	-0.000400	0.001140
18.0	20.0	-80.000000	-60.000000	-0.000420	0.001000
19.0	20.0	-70.000000	-60.000000	-0.000370	0.000870
20.0	20.0	-60.000000	-60.000000	-0.000450	0.000750
21.0	20.0	-50.000000	-60.000000	-0.000550	0.000630
22.0	20.0	-40.000000	-60.000000	-0.000490	0.000520
23.0	20.0	-30.000000	-60.000000	-0.000520	0.000380
24.0	20.0	-20.000000	-60.000000	-0.000520	0.000210
25.0	20.0	-10.000000	-60.000000	-0.000470	0.000120
26.0	20.0	0.000000	-60.000000	-0.000480	-0.000020
27.0	20.0	10.000000	-60.000000	-0.000530	-0.000200
28.0	20.0	20.000000	-60.000000	-0.000590	-0.000320
29.0	20.0	30.000000	-60.000000	-0.000630	-0.000490
30.0	20.0	40.000000	-60.000000	-0.000590	-0.000660
31.0	20.0	50.000000	-60.000000	-0.000680	-0.000810
32.0	20.0	60.000000	-60.000000	-0.000580	-0.000940
33.0	20.0	70.000000	-60.000000	-0.000560	-0.001110
34.0	20.0	80.000000	-60.000000	-0.000590	-0.001230
35.0	20.0	90.000000	-60.000000	-0.000640	-0.001330
36.0	20.0	100.000000	-60.000000	-0.000730	-0.001450
1.0	21.0	-250.000000	-50.000000	-0.000050	0.003520
2.0	21.0	-240.000000	-50.000000	-0.000130	0.003340
3.0	21.0	-230.000000	-50.000000	-0.000110	0.003150
4.0	21.0	-220.000000	-50.000000	-0.000120	0.002940
5.0	21.0	-210.000000	-50.000000	-0.000180	0.002790
6.0	21.0	-200.000000	-50.000000	-0.000220	0.002640
7.0	21.0	-190.000000	-50.000000	-0.000180	0.002500
8.0	21.0	-180.000000	-50.000000	-0.000220	0.002340
9.0	21.0	-170.000000	-50.000000	-0.000180	0.002190
10.0	21.0	-160.000000	-50.000000	-0.000170	0.002020
11.0	21.0	-150.000000	-50.000000	-0.000170	0.001870
12.0	21.0	-140.000000	-50.000000	-0.000200	0.001740
13.0	21.0	-130.000000	-50.000000	-0.000220	0.001640
14.0	21.0	-120.000000	-50.000000	-0.000270	0.001480
15.0	21.0	-110.000000	-50.000000	-0.000230	0.001350
16.0	21.0	-100.000000	-50.000000	-0.000270	0.001240
17.0	21.0	-90.000000	-50.000000	-0.000370	0.001130
18.0	21.0	-80.000000	-50.000000	-0.000360	0.001000
19.0	21.0	-70.000000	-50.000000	-0.000300	0.000860
20.0	21.0	-60.000000	-50.000000	-0.000340	0.000790
21.0	21.0	-50.000000	-50.000000	-0.000440	0.000650
22.0	21.0	-40.000000	-50.000000	-0.000390	0.000510
23.0	21.0	-30.000000	-50.000000	-0.000430	0.000350
24.0	21.0	-20.000000	-50.000000	-0.000420	0.000230
25.0	21.0	-10.000000	-50.000000	-0.000430	0.000120
26.0	21.0	0.000000	-50.000000	-0.000440	0.000020
27.0	21.0	10.000000	-50.000000	-0.000480	-0.000160
28.0	21.0	20.000000	-50.000000	-0.000510	-0.000360
29.0	21.0	30.000000	-50.000000	-0.000520	-0.000460
30.0	21.0	40.000000	-50.000000	-0.000470	-0.000550
31.0	21.0	50.000000	-50.000000	-0.000540	-0.000640
32.0	21.0	60.000000	-50.000000	-0.000480	-0.000810
33.0	21.0	70.000000	-50.000000	-0.000450	-0.000910
34.0	21.0	80.000000	-50.000000	-0.000550	-0.001060
35.0	21.0	90.000000	-50.000000	-0.000620	-0.001160
36.0	21.0	100.000000	-50.000000	-0.000680	-0.001300
1.0	22.0	-250.000000	-40.000000	0.000090	0.003480
2.0	22.0	-240.000000	-40.000000	0.000040	0.003310
3.0	22.0	-230.000000	-40.000000	0.000020	0.003140
4.0	22.0	-220.000000	-40.000000	-0.000020	0.002930
5.0	22.0	-210.000000	-40.000000	-0.000080	0.002780
6.0	22.0	-200.000000	-40.000000	-0.000140	0.002600
7.0	22.0	-190.000000	-40.000000	-0.000170	0.002500
8.0	22.0	-180.000000	-40.000000	-0.000200	0.002360
9.0	22.0	-170.000000	-40.000000	-0.000170	0.002210
10.0	22.0	-160.000000	-40.000000	-0.000110	0.002050
11.0	22.0	-150.000000	-40.000000	-0.000110	0.001900
12.0	22.0	-140.000000	-40.000000	-0.000160	0.001720
13.0	22.0	-130.000000	-40.000000	-0.000240	0.001610
14.0	22.0	-120.000000	-40.000000	-0.000270	0.001530
15.0	22.0	-110.000000	-40.000000	-0.000270	0.001460
16.0	22.0	-100.000000	-40.000000	-0.000310	0.001330
17.0	22.0	-90.000000	-40.000000	-0.000370	0.001160
18.0	22.0	-80.000000	-40.000000	-0.000360	0.001040
19.0	22.0	-70.000000	-40.000000	-0.000310	0.000920
20.0	22.0	-60.000000	-40.000000	-0.000360	0.000800
21.0	22.0	-50.000000	-40.000000	-0.000470	0.000650
22.0	22.0	-40.000000	-40.000000	-0.000420	0.000460
23.0	22.0	-30.000000	-40.000000	-0.000440	0.000300
24.0	22.0	-20.000000	-40.000000	-0.000400	0.000210
25.0	22.0	-10.000000	-40.000000	-0.000380	0.000080
26.0	22.0	0.000000	-40.000000	-0.000430	-0.000010
27.0	22.0	10.000000	-40.000000	-0.000490	-0.000130
28.0	22.0	20.000000	-40.000000	-0.000480	-0.000350
29.0	22.0	30.000000	-40.000000	-0.000540	-0.000460
30.0	22.0	40.000000	-40.000000	-0.000510	-0.000620
31.0	22.0	50.000000	-40.000000	-0.000590	-0.000750
32.0	22.0	60.000000	-40.000000	-0.000520	-0.000880
33.0	22.0	70.000000	-40.000000	-0.000480	-0.000970
34.0	22.0	80.000000	-40.000000	-0.000550	-0.001150
35.0	22.0	90.000000	-40.000000	-0.000610	-0.001270
36.0	22.0	100.000000	-40.000000	-0.000700	-0.001400
1.0	23.0	-250.000000	-30.000000	0.000090	0.003440
2.0	23.0	-240.000000	-30.000000	0.000100	0.003230
3.0	23.0	-230.000000	-30.000000	0.000020	0.003030
4.0	23.0	-220.000000	-30.000000	-0.000030	0.002830
5.0	23.0	-210.000000	-30.000000	-0.000070	0.002670
6.0	23.0	-200.000000	-30.000000	-0.000060	0.002510
7.0	23.0	-190.000000	-30.000000	-0.000030	0.002360
8.0	23.0	-180.000000	-30.000000	-0.000090	0.002240
9.0	23.0	-170.000000	-30.000000	-0.000090	0.002070
10.0	23.0	-160.000000	-30.000000	-0.000040	0.001940
11.0	23.0	-150.000000	-30.000000	-0.000040	0.001800
12.0	23.0	-140.000000	-30.000000	-0.000070	0.001670
13.0	23.0	-130.000000	-30.000000	-0.000140	0.001540
14.0	23.0	-120.000000	-30.000000	-0.000190	0.001420
15.0	23.0	-110.000000	-30.000000	-0.000180	0.001340
16.0	23.0	-100.000000	-30.000000	-0.000220	0.001230
17.0	23.0	-90.000000	-30.000000	-0.000280	0.001070
18.0	23.0	-80.000000	-30.000000	-0.000300	0.000890
19.0	23.0	-70.000000	-30.000000	-0.000260	0.000770
20.0	23.0	-60.000000	-30.000000	-0.000300	0.000660
21.0	23.0	-50.000000	-30.000000	-0.000370	0.000540
22.0	23.0	-40.000000	-30.000000	-0.000310	0.000410
23.0	23.0	-30.000000	-30.000000	-0.000360	0.000310
24.0	23.0	-20.000000	-30.000000	-0.000350	0.000190
25.0	23.0	-10.000000	-30.000000	-0.000360	0.000110
26.0	23.0	0.000000	-30.000000	-0.000360	-0.000020
27.0	23.0	10.000000	-30.000000	-0.000420	-0.000120
28.0	23.0	20.000000	-30.000000	-0.000480	-0.000200
29.0	23.0	30.000000	-30.000000	-0.000470	-0.000370
30.0	23.0	40.000000	-30.000000	-0.000410	-0.000540
31.0	23.0	50.000000	-30.000000	-0.000490	-0.000700
32.0	23.0	60.000000	-30.000000	-0.000420	-0.000810
33.0	23.0	70.000000	-30.000000	-0.000410	-0.000980
34.0	23.0	80.000000	-30.000000	-0.000460	-0.001210
35.0	23.0	90.000000	-30.000000	-0.000520	-0.001330
36.0	23.0	100.000000	-30.000000	-0.000640	-0.001410
1.0	24.0	-250.000000	-20.000000	0.000180	0.003350
2.0	24.0	-240.000000	-20.000000	0.000130	0.003200
3.0	24.0	-230.000000	-20.000000	0.000070	0.002970
4.0	24.0	-220.000000	-20.000000	-0.000020	0.002760
5.0	24.0	-210.000000	-20.000000	0.000000	0.002620
6.0	24.0	-200.000000	-20.000000	-0.000070	0.002480
7.0	24.0	-190.000000	-20.000000	-0.000100	0.002320
8.0	24.0	-180.000000	-20.000000	-0.000130	0.002170
9.0	24.0	-170.000000	-20.000000	-0.000100	0.002010
10.0	24.0	-160.000000	-20.000000	-0.000070	0.001880
11.0	24.0	-150.000000	-20.000000	-0.000090	0.001730
12.0	24.0	-140.000000	-20.000000	-0.000120	0.001580
13.0	24.0	-130.000000	-20.000000	-0.000170	0.001450
14.0	24.0	-120.000000	-20.000000	-0.000200	0.001330
15.0	24.0	-110.000000	-20.000000	-0.000170	0.001230
16.0	24.0	-100.000000	-20.000000	-0.000200	0.001090
17.0	24.0	-90.000000	-20.000000	-0.000260	0.001000
18.0	24.0	-80.000000	-20.000000	-0.000260	0.000920
19.0	24.0	-70.000000	-20.000000	-0.000200	0.000780
20.0	24.0	-60.000000	-20.000000	-0.000270	0.000610
21.0	24.0	-50.000000	-20.000000	-0.000360	0.000480
22.0	24.0	-40.000000	-20.000000	-0.000330	0.000370
23.0	24.0	-30.000000	-20.000000	-0.000400	0.000260
24.0	24.0	-20.000000	-20.000000	-0.000380	0.000130
25.0	24.0	-10.000000	-20.000000	-0.000390	0.000030
26.0	24.0	0.000000	-20.000000	-0.000360	-0.000090
27.0	24.0	10.000000	-20.000000	-0.000360	-0.000180
28.0	24.0	20.000000	-20.000000	-0.000400	-0.000330
29.0	24.0	30.000000	-20.000000	-0.000420	-0.000460
30.0	24.0	40.000000	-20.000000	-0.000420	-0.000550
31.0	24.0	50.000000	-20.000000	-0.000520	-0.000710
32.0	24.0	60.000000	-20.000000	-0.000420	-0.000840
33.0	24.0	70.000000	-20.000000	-0.000370	-0.000890
34.0	24.0	80.000000	-20.000000	-0.000450	-0.001120
35.0	24.0	90.000000	-20.000000	-0.000500	-0.001340
36.0	24.0	100.000000	-20.000000	-0.000610	-0.001460
1.0	25.0	-250.000000	-10.000000	0.000200	0.003320
2.0	25.0	-240.000000	-10.000000	0.000190	0.003180
3.0	25.0	-230.000000	-10.000000	0.000140	0.002980
4.0	25.0	-220.000000	-10.000000	0.000110	0.002780
5.0	25.0	-210.000000	-10.000000	0.000060	0.002640
6.0	25.0	-200.000000	-10.000000	0.000020	0.002460
7.0	25.0	-190.000000	-10.000000	0.000050	0.002300
8.0	25.0	-180.000000	-10.000000	0.000000	0.002150
9.0	25.0	-170.000000	-10.000000	0.000000	0.002040
10.0	25.0	-160.000000	-10.000000	0.000030	0.001920
11.0	25.0	-150.000000	-10.000000	-0.000020	0.001770
12.0	25.0	-140.000000	-10.000000	-0.000060	0.001580
13.0	25.0	-130.000000	-10.000000	-0.000130	0.001400
14.0	25.0	-120.000000	-10.000000	-0.000190	0.001300
15.0	25.0	-110.000000	-10.000000	-0.000180	0.001260
16.0	25.0	-100.000000	-10.000000	-0.000230	0.001180
17.0	25.0	-90.000000	-10.000000	-0.000260	0.001040
18.0	25.0	-80.000000	-10.000000	-0.000280	0.000880
19.0	25.0	-70.000000	-10.000000	-0.000230	0.000730
20.0	25.0	-60.000000	-10.000000	-0.000290	0.000620
21.0	25.0	-50.000000	-10.000000	-0.000370	0.000500
22.0	25.0	-40.000000	-10.000000	-0.000310	0.000410
23.0	25.0	-30.000000	-10.000000	-0.000330	0.000270
24.0	25.0	-20.000000	-10.000000	-0.000330	0.000160
25.0	25.0	-10.000000	-10.000000	-0.000340	0.000010
26.0	25.0	0.000000	-10.000000	-0.000340	-0.000150
27.0	25.0	10.000000	-10.000000	-0.000390	-0.000280
28.0	25.0	20.000000	-10.000000	-0.000440	-0.000390
29.0	25.0	30.000000	-10.000000	-0.000440	-0.000490
30.0	25.0	40.000000	-10.000000	-0.000420	-0.000640
31.0	25.0	50.000000	-10.000000	-0.000500	-0.000750
32.0	25.0	60.000000	-10.000000	-0.000390	-0.000890
33.0	25.0	70.000000	-10.000000	-0.000350	-0.001070
34.0	25.0	80.000000	-10.000000	-0.000430	-0.001220
35.0	25.0	90.000000	-10.000000	-0.000490	-0.001330
36.0	25.0	100.000000	-10.000000	-0.000570	-0.001450
1.0	26.0	-250.000000	0.000000	0.000300	0.003250
2.0	26.0	-240.000000	0.000000	0.000210	0.003080
3.0	26.0	-230.000000	0.000000	0.000220	0.002890
4.0	26.0	-220.000000	0.000000	0.000120	0.002680
5.0	26.0	-210.000000	0.000000	0.000080	0.002550
6.0	26.0	-200.000000	0.000000	0.000090	0.002410
7.0	26.0	-190.000000	0.000000	0.000100	0.002280
8.0	26.0	-180.000000	0.000000	0.000040	0.002150
9.0	26.0	-170.000000	0.000000	0.000070	0.002010
10.0	26.0	-160.000000	0.000000	0.000110	0.001850
11.0	26.0	-150.000000	0.000000	0.000070	0.001730
12.0	26.0	-140.000000	0.000000	0.000050	0.001570
13.0	26.0	-130.000000	0.000000	-0.000010	0.001460
14.0	26.0	-120.000000	0.000000	-0.000080	0.001330
15.0	26.0	-110.000000	0.000000	-0.000080	0.001230
16.0	26.0	-100.000000	0.000000	-0.000130	0.001170
17.0	26.0	-90.000000	0.000000	-0.000160	0.001070
18.0	26.0	-80.000000	0.000000	-0.000160	0.000920
19.0	26.0	-70.000000	0.000000	-0.000130	0.000790
20.0	26.0	-60.000000	0.000000	-0.000210	0.000620
21.0	26.0	-50.000000	0.000000	-0.000280	0.000500
22.0	26.0	-40.000000	0.000000	-0.000240	0.000360
23.0	26.0	-30.000000	0.000000	-0.000300	0.000250
24.0	26.0	-20.000000	0.000000	-0.000290	0.000120
25.0	26.0	-10.000000	0.000000	-0.000270	-0.000010
26.0	26.0	0.000000	0.000000	-0.000290	-0.000110
27.0	26.0	10.000000	0.000000	-0.000330	-0.000210
28.0	26.0	20.000000	0.000000	-0.000370	-0.000350
29.0	26.0	30.000000	0.000000	-0.000420	-0.000510
30.0	26.0	40.000000	0.000000	-0.000400	-0.000620
31.0	26.0	50.000000	0.000000	-0.000500	-0.000760
32.0	26.0	60.000000	0.000000	-0.000400	-0.000880
33.0	26.0	70.000000	0.000000	-0.000360	-0.000990
34.0	26.0	80.000000	0.000000	-0.000420	-0.001120
35.0	26.0	90.000000	0.000000	-0.000450	-0.001220
36.0	26.0	100.000000	0.000000	-0.000490	-0.001350
1.0	27.0	-250.000000	10.000000	0.000220	0.003230
2.0	27.0	-240.000000	10.000000	0.000200	0.003050
3.0	27.0	-230.000000	10.000000	0.000170	0.002860
4.0	27.0	-220.000000	10.000000	0.000120	0.002670
5.0	27.0	-210.000000	10.000000	0.000100	0.002520
6.0	27.0	-200.000000	10.000000	0.000080	0.002380
7.0	27.0	-190.000000	10.000000	0.000090	0.002240
8.0	27.0	-180.000000	10.000000	0.000040	0.002100
9.0	27.0	-170.000000	10.000000	0.000050	0.001970
10.0	27.0	-160.000000	10.000000	0.000100	0.001820
11.0	27.0	-150.000000	10.000000	0.000060	0.001660
12.0	27.0	-140.000000	10.000000	0.000040	0.001530
13.0	27.0	-130.000000	10.000000	0.000000	0.001440
14.0	27.0	-120.000000	10.000000	-0.000050	0.001340
15.0	27.0	-110.000000	10.000000	-0.000040	0.001210
16.0	27.0	-100.000000	10.000000	-0.000090	0.001120
17.0	27.0	-90.000000	10.000000	-0.000150	0.001010
18.0	27.0	-80.000000	10.000000	-0.000170	0.000860
19.0	27.0	-70.000000	10.000000	-0.000140	0.000720
20.0	27.0	-60.000000	10.000000	-0.000190	0.000630
21.0	27.0	-50.000000	10.000000	-0.000250	0.000500
22.0	27.0	-40.000000	10.000000	-0.000200	0.000320
23.0	27.0	-30.000000	10.000000	-0.000230	0.000200
24.0	27.0	-20.000000	10.000000	-0.000210	0.000050
25.0	27.0	-10.000000	10.000000	-0.000200	-0.000050
26.0	27.0	0.000000	10.000000	-0.000200	-0.000130
27.0	27.0	10.000000	10.000000	-0.000270	-0.000230
28.0	27.0	20.000000	10.000000	-0.000330	-0.000370
29.0	27.0	30.000000	10.000000	-0.000360	-0.000500
30.0	27.0	40.000000	10.000000	-0.000350	-0.000670
31.0	27.0	50.000000	10.000000	-0.000450	-0.000850
32.0	27.0	60.000000	10.000000	-0.000350	-0.000920
33.0	27.0	70.000000	10.000000	-0.000320	-0.001090
34.0	27.0	80.000000	10.000000	-0.000390	-0.001200
35.0	27.0	90.000000	10.000000	-0.000430	-0.001300
36.0	27.0	100.000000	10.000000	-0.000510	-0.001420
1.0	28.0	-250.000000	20.000000	0.000280	0.003180
2.0	28.0	-240.000000	20.000000	0.000230	0.002990
3.0	28.0	-230.000000	20.000000	0.000240	0.002790
4.0	28.0	-220.000000	20.000000	0.000190	0.002610
5.0	28.0	-210.000000	20.000000	0.000130	0.002470
6.0	28.0	-200.000000	20.000000	0.000120	0.002390
7.0	28.0	-190.000000	20.000000	0.000130	0.002250
8.0	28.0	-180.000000	20.000000	0.000080	0.002140
9.0	28.0	-170.000000	20.000000	0.000060	0.002000
10.0	28.0	-160.000000	20.000000	0.000090	0.001860
11.0	28.0	-150.000000	20.000000	0.000070	0.001730
12.0	28.0	-140.000000	20.000000	0.000040	0.001550
13.0	28.0	-130.000000	20.000000	0.000020	0.001500
14.0	28.0	-120.000000	20.000000	-0.000020	0.001370
15.0	28.0	-110.000000	20.000000	-0.000030	0.001260
16.0	28.0	-100.000000	20.000000	-0.000080	0.001130
17.0	28.0	-90.000000	20.000000	-0.000130	0.000990
18.0	28.0	-80.000000	20.000000	-0.000130	0.000860
19.0	28.0	-70.000000	20.000000	-0.000090	0.000800
20.0	28.0	-60.000000	20.000000	-0.000150	0.000710
21.0	28.0	-50.000000	20.000000	-0.000240	0.000600
22.0	28.0	-40.000000	20.000000	-0.000210	0.000410
23.0	28.0	-30.000000	20.000000	-0.000280	0.000310
24.0	28.0	-20.000000	20.000000	-0.000290	0.000110
25.0	28.0	-10.000000	20.000000	-0.000290	0.000000
26.0	28.0	0.000000	20.000000	-0.000290	-0.000090
27.0	28.0	10.000000	20.000000	-0.000340	-0.000230
28.0	28.0	20.000000	20.000000	-0.000360	-0.000320
29.0	28.0	30.000000	20.000000	-0.000360	-0.000420
30.0	28.0	40.000000	20.000000	-0.000340	-0.000520
31.0	28.0	50.000000	20.000000	-0.000430	-0.000660
32.0	28.0	60.000000	20.000000	-0.000320	-0.000790
33.0	28.0	70.000000	20.000000	-0.000280	-0.000920
34.0	28.0	80.000000	20.000000	-0.000370	-0.000980
35.0	28.0	90.000000	20.000000	-0.000420	-0.001130
36.0	28.0	100.000000	20.000000	-0.000480	-0.001240
1.0	29.0	-250.000000	30.000000	0.000350	0.003060
2.0	29.0	-240.000000	30.000000	0.000310	0.002900
3.0	29.0	-230.000000	30.000000	0.000270	0.002710
4.0	29.0	-220.000000	30.000000	0.000260	0.002510
5.0	29.0	-210.000000	30.000000	0.000240	0.002350
6.0	29.0	-200.000000	30.000000	0.000230	0.002190
7.0	29.0	-190.000000	30.000000	0.000250	0.002090
8.0	29.0	-180.000000	30.000000	0.000170	0.001970
9.0	29.0	-170.000000	30.000000	0.000130	0.001850
10.0	29.0	-160.000000	30.000000	0.000140	0.001710
11.0	29.0	-150.000000	30.000000	0.000110	0.001590
12.0	29.0	-140.000000	30.000000	0.000100	0.001450
13.0	29.0	-130.000000	30.000000	0.000080	0.001330
14.0	29.0	-120.000000	30.000000	0.000040	0.001220
15.0	29.0	-110.000000	30.000000	0.000060	0.001090
16.0	29.0	-100.000000	30.000000	0.000020	0.001010
17.0	29.0	-90.000000	30.000000	-0.000020	0.000940
18.0	29.0	-80.000000	30.000000	-0.000020	0.000800
19.0	29.0	-70.000000	30.000000	0.000000	0.000670
20.0	29.0	-60.000000	30.000000	-0.000080	0.000570
21.0	29.0	-50.000000	30.000000	-0.000180	0.000470
22.0	29.0	-40.000000	30.000000	-0.000140	0.000390
23.0	29.0	-30.000000	30.000000	-0.000210	0.000220
24.0	29.0	-20.000000	30.000000	-0.000200	0.000130
25.0	29.0	-10.000000	30.000000	-0.000190	0.000070
26.0	29.0	0.000000	30.000000	-0.000200	-0.000020
27.0	29.0	10.000000	30.000000	-0.000230	-0.000130
28.0	29.0	20.000000	30.000000	-0.000260	-0.000250
29.0	29.0	30.000000	30.000000	-0.000290	-0.000380
30.0	29.0	40.000000	30.000000	-0.000290	-0.000520
31.0	29.0	50.000000	30.000000	-0.000390	-0.000650
32.0	29.0	60.000000	30.000000	-0.000290	-0.000790
33.0	29.0	70.000000	30.000000	-0.000240	-0.000940
34.0	29.0	80.000000	30.000000	-0.000320	-0.001110
35.0	29.0	90.000000	30.000000	-0.000380	-0.001260
36.0	29.0	100.000000	30.000000	-0.000450	-0.001320
1.0	30.0	-250.000000	40.000000	0.000320	0.002910
2.0	30.0	-240.000000	40.000000	0.000300	0.002780
3.0	30.0	-230.000000	40.000000	0.000290	0.002610
4.0	30.0	-220.000000	40.000000	0.000220	0.002440
5.0	30.0	-210.000000	40.000000	0.000210	0.002310
6.0	30.0	-200.000000	40.000000	0.000170	0.002190
7.0	30.0	-190.000000	40.000000	0.000190	0.002090
8.0	30.0	-180.000000	40.000000	0.000140	0.001960
9.0	30.0	-170.000000	40.000000	0.000150	0.001810
10.0	30.0	-160.000000	40.000000	0.000190	0.001650
11.0	30.0	-150.000000	40.000000	0.000160	0.001530
12.0	30.0	-140.000000	40.000000	0.000150	0.001400
13.0	30.0	-130.000000	40.000000	0.000110	0.001270
14.0	30.0	-120.000000	40.000000	0.000060	0.001170
15.0	30.0	-110.000000	40.000000	0.000080	0.001100
16.0	30.0	-100.000000	40.000000	0.000020	0.000980
17.0	30.0	-90.000000	40.000000	-0.000040	0.000900
18.0	30.0	-80.000000	40.000000	-0.000060	0.000780
19.0	30.0	-70.000000	40.000000	-0.000050	0.000680
20.0	30.0	-60.000000	40.000000	-0.000100	0.000580
21.0	30.0	-50.000000	40.000000	-0.000170	0.000470
22.0	30.0	-40.000000	40.000000	-0.000130	0.000330
23.0	30.0	-30.000000	40.000000	-0.000200	0.000240
24.0	30.0	-20.000000	40.000000	-0.000180	0.000250
25.0	30.0	-10.000000	40.000000	-0.000170	0.000110
26.0	30.0	0.000000	40.000000	-0.000220	0.000000
27.0	30.0	10.000000	40.000000	-0.000260	-0.000090
28.0	30.0	20.000000	40.000000	-0.000270	-0.000210
29.0	30.0	30.000000	40.000000	-0.000260	-0.000340
30.0	30.0	40.000000	40.000000	-0.000220	-0.000450
31.0	30.0	50.000000	40.000000	-0.000340	-0.000560
32.0	30.0	60.000000	40.000000	-0.000250	-0.000710
33.0	30.0	70.000000	40.000000	-0.000220	-0.000830
34.0	30.0	80.000000	40.000000	-0.000300	-0.001000
35.0	30.0	90.000000	40.000000	-0.000360	-0.001210
36.0	30.0	100.000000	40.000000	-0.000430	-0.001250
1.0	31.0	-250.000000	50.000000	0.000410	0.002830
2.0	31.0	-240.000000	50.000000	0.000400	0.002650
3.0	31.0	-230.000000	50.000000	0.000360	0.002470
4.0	31.0	-220.000000	50.000000	0.000260	0.002290
5.0	31.0	-210.000000	50.000000	0.000230	0.002160
6.0	31.0	-200.000000	50.000000	0.000210	0.002030
7.0	31.0	-190.000000	50.000000	0.000230	0.001930
8.0	31.0	-180.000000	50.000000	0.000200	0.001830
9.0	31.0	-170.000000	50.000000	0.000180	0.001700
10.0	31.0	-160.000000	50.000000	0.000210	0.001560
11.0	31.0	-150.000000	50.000000	0.000160	0.001470
12.0	31.0	-140.000000	50.000000	0.000120	0.001350
13.0	31.0	-130.000000	50.000000	0.000070	0.001200
14.0	31.0	-120.000000	50.000000	0.000000	0.001050
15.0	31.0	-110.000000	50.000000	0.000010	0.000950
16.0	31.0	-100.000000	50.000000	-0.000050	0.000870
17.0	31.0	-90.000000	50.000000	-0.000110	0.000760
18.0	31.0	-80.000000	50.000000	-0.000100	0.000640
19.0	31.0	-70.000000	50.000000	-0.000070	0.000550
20.0	31.0	-60.000000	50.000000	-0.000130	0.000490
21.0	31.0	-50.000000	50.000000	-0.000220	0.000360
22.0	31.0	-40.000000	50.000000	-0.000180	0.000280
23.0	31.0	-30.000000	50.000000	-0.000210	0.000200
24.0	31.0	-20.000000	50.000000	-0.000190	0.000110
25.0	31.0	-10.000000	50.000000	-0.000180	0.000080
26.0	31.0	0.000000	50.000000	-0.000200	-0.000070
27.0	31.0	10.000000	50.000000	-0.000250	-0.000160
28.0	31.0	20.000000	50.000000	-0.000260	-0.000260
29.0	31.0	30.000000	50.000000	-0.000270	-0.000410
30.0	31.0	40.000000	50.000000	-0.000230	-0.000500
31.0	31.0	50.000000	50.000000	-0.000310	-0.000600
32.0	31.0	60.000000	50.000000	-0.000220	-0.000730
33.0	31.0	70.000000	50.000000	-0.000200	-0.000860
34.0	31.0	80.000000	50.000000	-0.000270	-0.000970
35.0	31.0	90.000000	50.000000	-0.000350	-0.001070
36.0	31.0	100.000000	50.000000	-0.000440	-0.001230
1.0	32.0	-250.000000	60.000000	0.000460	0.002570
2.0	32.0	-240.000000	60.000000	0.000420	0.002460
3.0	32.0	-230.000000	60.000000	0.000350	0.002300
4.0	32.0	-220.000000	60.000000	0.000320	0.002150
5.0	32.0	-210.000000	60.000000	0.000280	0.002040
6.0	32.0	-200.000000	60.000000	0.000210	0.001880
7.0	32.0	-190.000000	60.000000	0.000250	0.001790
8.0	32.0	-180.000000	60.000000	0.000190	0.001650
9.0	32.0	-170.000000	60.000000	0.000190	0.001540
10.0	32.0	-160.000000	60.000000	0.000230	0.001430
11.0	32.0	-150.000000	60.000000	0.000200	0.001340
12.0	32.0	-140.000000	60.000000	0.000170	0.001210
13.0	32.0	-130.000000	60.000000	0.000110	0.001070
14.0	32.0	-120.000000	60.000000	0.000050	0.000930
15.0	32.0	-110.000000	60.000000	0.000050	0.000830
16.0	32.0	-100.000000	60.000000	-0.000040	0.000750
17.0	32.0	-90.000000	60.000000	-0.000100	0.000660
18.0	32.0	-80.000000	60.000000	-0.000120	0.000570
19.0	32.0	-70.000000	60.000000	-0.000070	0.000510
20.0	32.0	-60.000000	60.000000	-0.000110	0.000390
21.0	32.0	-50.000000	60.000000	-0.000180	0.000300
22.0	32.0	-40.000000	60.000000	-0.000140	0.000210
23.0	32.0	-30.000000	60.000000	-0.000180	0.000130
24.0	32.0	-20.000000	60.000000	-0.000130	0.000100
25.0	32.0	-10.000000	60.000000	-0.000120	-0.000010
26.0	32.0	0.000000	60.000000	-0.000170	-0.000070
27.0	32.0	10.000000	60.000000	-0.000210	-0.000190
28.0	32.0	20.000000	60.000000	-0.000240	-0.000360
29.0	32.0	30.000000	60.000000	-0.000260	-0.000440
30.0	32.0	40.000000	60.000000	-0.000210	-0.000540
31.0	32.0	50.000000	60.000000	-0.000290	-0.000670
32.0	32.0	60.000000	60.000000	-0.000190	-0.000810
33.0	32.0	70.000000	60.000000	-0.000180	-0.000950
34.0	32.0	80.000000	60.000000	-0.000290	-0.001070
35.0	32.0	90.000000	60.000000	-0.000350	-0.001200
36.0	32.0	100.000000	60.000000	-0.000430	-0.001320
1.0	33.0	-250.000000	70.000000	0.000420	0.002450
2.0	33.0	-240.000000	70.000000	0.000350	0.002310
3.0	33.0	-230.000000	70.000000	0.000280	0.002170
4.0	33.0	-220.000000	70.000000	0.000220	0.002010
5.0	33.0	-210.000000	70.000000	0.000220	0.001890
6.0	33.0	-200.000000	70.000000	0.000190	0.001770
7.0	33.0	-190.000000	70.000000	0.000210	0.001660
8.0	33.0	-180.000000	70.000000	0.000110	0.001550
9.0	33.0	-170.000000	70.000000	0.000090	0.001460
10.0	33.0	-160.000000	70.000000	0.000150	0.001340
11.0	33.0	-150.000000	70.000000	0.000140	0.001240
12.0	33.0	-140.000000	70.000000	0.000130	0.001130
13.0	33.0	-130.000000	70.000000	0.000090	0.001030
14.0	33.0	-120.000000	70.000000	0.000010	0.000930
15.0	33.0	-110.000000	70.000000	0.000020	0.000880
16.0	33.0	-100.000000	70.000000	-0.000050	0.000790
17.0	33.0	-90.000000	70.000000	-0.000110	0.000650
18.0	33.0	-80.000000	70.000000	-0.000100	0.000530
19.0	33.0	-70.000000	70.000000	-0.000060	0.000460
20.0	33.0	-60.000000	70.000000	-0.000130	0.000380
21.0	33.0	-50.000000	70.000000	-0.000210	0.000340
22.0	33.0	-40.000000	70.000000	-0.000160	0.000190
23.0	33.0	-30.000000	70.000000	-0.000190	0.000040
24.0	33.0	-20.000000	70.000000	-0.000160	-0.000030
25.0	33.0	-10.000000	70.000000	-0.000150	-0.000140
26.0	33.0	0.000000	70.000000	-0.000160	-0.000190
27.0	33.0	10.000000	70.000000	-0.000180	-0.000290
28.0	33.0	20.000000	70.000000	-0.000210	-0.000450
29.0	33.0	30.000000	70.000000	-0.000240	-0.000550
30.0	33.0	40.000000	70.000000	-0.000210	-0.000590
31.0	33.0	50.000000	70.000000	-0.000310	-0.000690
32.0	33.0	60.000000	70.000000	-0.000200	-0.000750
33.0	33.0	70.000000	70.000000	-0.000170	-0.000860
34.0	33.0	80.000000	70.000000	-0.000220	-0.000990
35.0	33.0	90.000000	70.000000	-0.000260	-0.001100
36.0	33.0	100.000000	70.000000	-0.000360	-0.001220
1.0	34.0	-250.000000	80.000000	0.000400	0.002350
2.0	34.0	-240.000000	80.000000	0.000380	0.002220
3.0	34.0	-230.000000	80.000000	0.000370	0.002060
4.0	34.0	-220.000000	80.000000	0.000320	0.001900
5.0	34.0	-210.000000	80.000000	0.000280	0.001790
6.0	34.0	-200.000000	80.000000	0.000220	0.001680
7.0	34.0	-190.000000	80.000000	0.000230	0.001590
8.0	34.0	-180.000000	80.000000	0.000180	0.001510
9.0	34.0	-170.000000	80.000000	0.000170	0.001440
10.0	34.0	-160.000000	80.000000	0.000220	0.001350
11.0	34.0	-150.000000	80.000000	0.000180	0.001250
12.0	34.0	-140.000000	80.000000	0.000150	0.001100
13.0	34.0	-130.000000	80.000000	0.000090	0.000980
14.0	34.0	-120.000000	80.000000	0.000000	0.000950
15.0	34.0	-110.000000	80.000000	0.000020	0.000890
16.0	34.0	-100.000000	80.000000	-0.000040	0.000830
17.0	34.0	-90.000000	80.000000	-0.000100	0.000760
18.0	34.0	-80.000000	80.000000	-0.000130	0.000640
19.0	34.0	-70.000000	80.000000	-0.000120	0.000530
20.0	34.0	-60.000000	80.000000	-0.000180	0.000460
21.0	34.0	-50.000000	80.000000	-0.000270	0.000360
22.0	34.0	-40.000000	80.000000	-0.000240	0.000270
23.0	34.0	-30.000000	80.000000	-0.000270	0.000150
24.0	34.0	-20.000000	80.000000	-0.000230	0.000090
25.0	34.0	-10.000000	80.000000	-0.000210	0.000020
26.0	34.0	0.000000	80.000000	-0.000210	-0.000100
27.0	34.0	10.000000	80.000000	-0.000250	-0.000270
28.0	34.0	20.000000	80.000000	-0.000280	-0.000380
29.0	34.0	30.000000	80.000000	-0.000300	-0.000430
30.0	34.0	40.000000	80.000000	-0.000280	-0.000520
31.0	34.0	50.000000	80.000000	-0.000410	-0.000590
32.0	34.0	60.000000	80.000000	-0.000320	-0.000680
33.0	34.0	70.000000	80.000000	-0.000290	-0.000830
34.0	34.0	80.000000	80.000000	-0.000380	-0.000910
35.0	34.0	90.000000	80.000000	-0.000430	-0.000990
36.0	34.0	100.000000	80.000000	-0.000510	-0.001090
1.0	35.0	-250.000000	90.000000	0.000330	0.002190
2.0	35.0	-240.000000	90.000000	0.000260	0.002020
3.0	35.0	-230.000000	90.000000	0.000200	0.001880
4.0	35.0	-220.000000	90.000000	0.000170	0.001730
5.0	35.0	-210.000000	90.000000	0.000180	0.001620
6.0	35.0	-200.000000	90.000000	0.000150	0.001540
7.0	35.0	-190.000000	90.000000	0.000140	0.001440
8.0	35.0	-180.000000	90.000000	0.000080	0.001300
9.0	35.0	-170.000000	90.000000	0.000040	0.001210
10.0	35.0	-160.000000	90.000000	0.000080	0.001120
11.0	35.0	-150.000000	90.000000	0.000080	0.001020
12.0	35.0	-140.000000	90.000000	0.000050	0.000920
13.0	35.0	-130.000000	90.000000	0.000010	0.000860
14.0	35.0	-120.000000	90.000000	-0.000060	0.000760
15.0	35.0	-110.000000	90.000000	-0.000030	0.000660
16.0	35.0	-100.000000	90.000000	-0.000100	0.000650
17.0	35.0	-90.000000	90.000000	-0.000180	0.000530
18.0	35.0	-80.000000	90.000000	-0.000170	0.000450
19.0	35.0	-70.000000	90.000000	-0.000120	0.000370
20.0	35.0	-60.000000	90.000000	-0.000220	0.000250
21.0	35.0	-50.000000	90.000000	-0.000280	0.000180
22.0	35.0	-40.000000	90.000000	-0.000240	0.000120
23.0	35.0	-30.000000	90.000000	-0.000310	0.000040
24.0	35.0	-20.000000	90.000000	-0.000300	-0.000030
25.0	35.0	-10.000000	90.000000	-0.000290	-0.000090
26.0	35.0	0.000000	90.000000	-0.000290	-0.000160
27.0	35.0	10.000000	90.000000	-0.000320	-0.000150
28.0	35.0	20.000000	90.000000	-0.000350	-0.000270
29.0	35.0	30.000000	90.000000	-0.000400	-0.000300
30.0	35.0	40.000000	90.000000	-0.000380	-0.000390
31.0	35.0	50.000000	90.000000	-0.000470	-0.000530
32.0	35.0	60.000000	90.000000	-0.000380	-0.000680
33.0	35.0	70.000000	90.000000	-0.000350	-0.000800
34.0	35.0	80.000000	90.000000	-0.000420	-0.000910
35.0	35.0	90.000000	90.000000	-0.000450	-0.001020
36.0	35.0	100.000000	90.000000	-0.000530	-0.001110
1.0	36.0	-250.000000	100.000000	0.000150	0.002080
2.0	36.0	-240.000000	100.000000	0.000110	0.001950
3.0	36.0	-230.000000	100.000000	0.000080	0.001800
4.0	36.0	-220.000000	100.000000	0.000080	0.001650
5.0	36.0	-210.000000	100.000000	0.000050	0.001540
6.0	36.0	-200.000000	100.000000	0.000030	0.001460
7.0	36.0	-190.000000	100.000000	0.000060	0.001380
8.0	36.0	-180.000000	100.000000	0.000010	0.001290
9.0	36.0	-170.000000	100.000000	0.000020	0.001210
10.0	36.0	-160.000000	100.000000	0.000050	0.001130
11.0	36.0	-150.000000	100.000000	0.000030	0.001040
12.0	36.0	-140.000000	100.000000	0.000000	0.000920
13.0	36.0	-130.000000	100.000000	-0.000060	0.000840
14.0	36.0	-120.000000	100.000000	-0.000110	0.000780
15.0	36.0	-110.000000	100.000000	-0.000100	0.000710
16.0	36.0	-100.000000	100.000000	-0.000170	0.000610
17.0	36.0	-90.000000	100.000000	-0.000240	0.000540
18.0	36.0	-80.000000	100.000000	-0.000220	0.000490
19.0	36.0	-70.000000	100.000000	-0.000190	0.000420
20.0	36.0	-60.000000	100.000000	-0.000250	0.000310
21.0	36.0	-50.000000	100.000000	-0.000290	0.000230
22.0	36.0	-40.000000	100.000000	-0.000250	0.000150
23.0	36.0	-30.000000	100.000000	-0.000290	0.000070
24.0	36.0	-20.000000	100.000000	-0.000260	0.000010
25.0	36.0	-10.000000	100.000000	-0.000260	-0.000070
26.0	36.0	0.000000	100.000000	-0.000270	-0.000130
27.0	36.0	10.000000	100.000000	-0.000280	-0.000210
28.0	36.0	20.000000	100.000000	-0.000330	-0.000260
29.0	36.0	30.000000	100.000000	-0.000330	-0.000270
30.0	36.0	40.000000	100.000000	-0.000260	-0.000370
31.0	36.0	50.000000	100.000000	-0.000350	-0.000440
32.0	36.0	60.000000	100.000000	-0.000240	-0.000530
33.0	36.0	70.000000	100.000000	-0.000220	-0.000670
34.0	36.0	80.000000	100.000000	-0.000300	-0.000880
35.0	36.0	90.000000	100.000000	-0.000360	-0.000970
36.0	36.0	100.000000	100.000000	-0.000460	-0.001040
