% Multi-Zone 2D Accuracy Calibration Results
% System: PlanarHD-500-500-ES20058 (S/N: 642583-1-1)
% Zones processed: 2
% Grid size: 36 x 51 points
% Units: METRIC
% Ax1TestLoc Ax2TestLoc Ax1Err Ax2Err VectorErr AvgCount
-250.000000	-250.000000	0.000000	0.000000	0.000000	1
-240.000000	-250.000000	-0.020000	-0.145148	0.146520	1
-230.000000	-250.000000	-0.040000	-0.290296	0.293039	1
-220.000000	-250.000000	-0.040000	-0.455444	0.457198	1
-210.000000	-250.000000	-0.050000	-0.590593	0.592705	1
-200.000000	-250.000000	-0.050000	-0.715741	0.717485	1
-190.000000	-250.000000	-0.020000	-0.820889	0.821132	1
-180.000000	-250.000000	-0.070000	-0.926037	0.928679	1
-170.000000	-250.000000	-0.050000	-1.071185	1.072351	1
-160.000000	-250.000000	-0.020000	-1.226333	1.226496	1
-150.000000	-250.000000	-0.040000	-1.371481	1.372064	1
-140.000000	-250.000000	-0.060000	-1.496629	1.497832	1
-130.000000	-250.000000	-0.070000	-1.561778	1.563345	1
-120.000000	-250.000000	-0.090000	-1.676926	1.679339	1
-110.000000	-250.000000	-0.050000	-1.792074	1.792771	1
-100.000000	-250.000000	0.015140	-2.002044	2.002101	2
-90.000000	-250.000000	-0.044860	-2.111276	2.111752	2
-80.000000	-250.000000	-0.014860	-2.200507	2.200557	2
-70.000000	-250.000000	0.030140	-2.304738	2.304936	2
-60.000000	-250.000000	-0.029860	-2.378970	2.379157	2
-50.000000	-250.000000	-0.079860	-2.453201	2.454501	2
-40.000000	-250.000000	-0.019860	-2.537433	2.537510	2
-30.000000	-250.000000	-0.029860	-2.626664	2.626834	2
-20.000000	-250.000000	-0.024860	-2.725895	2.726009	2
-10.000000	-250.000000	-0.024860	-2.775127	2.775238	2
0.000000	-250.000000	0.010140	-2.829358	2.829376	2
10.000000	-250.000000	0.005140	-2.933590	2.933594	2
20.000000	-250.000000	-0.054860	-3.007821	3.008321	2
30.000000	-250.000000	-0.119860	-3.087052	3.089378	2
40.000000	-250.000000	-0.099860	-3.191284	3.192846	2
50.000000	-250.000000	-0.219860	-3.290515	3.297852	2
60.000000	-250.000000	-0.114860	-3.384747	3.386695	2
70.000000	-250.000000	-0.064860	-3.528978	3.529574	2
80.000000	-250.000000	-0.109860	-3.688209	3.689845	2
90.000000	-250.000000	-0.164860	-3.792441	3.796022	2
100.000000	-250.000000	-0.224860	-3.926672	3.933105	2
110.000000	-250.000000	-0.209720	-4.146475	4.151775	1
120.000000	-250.000000	-0.179720	-4.219789	4.223615	1
130.000000	-250.000000	-0.139720	-4.323104	4.325361	1
140.000000	-250.000000	-0.099720	-4.436419	4.437539	1
150.000000	-250.000000	-0.159720	-4.589733	4.592511	1
160.000000	-250.000000	-0.139720	-4.703048	4.705123	1
170.000000	-250.000000	-0.139720	-4.816363	4.818389	1
180.000000	-250.000000	-0.149720	-4.929677	4.931950	1
190.000000	-250.000000	-0.239720	-5.012992	5.018720	1
200.000000	-250.000000	-0.269720	-5.126307	5.133397	1
210.000000	-250.000000	-0.269720	-5.299621	5.306480	1
220.000000	-250.000000	-0.309720	-5.472936	5.481693	1
230.000000	-250.000000	-0.339720	-5.496251	5.506739	1
240.000000	-250.000000	-0.349720	-5.509565	5.520653	1
250.000000	-250.000000	-0.429720	-5.542880	5.559512	1
-250.000000	-240.000000	0.085148	-0.070000	0.110228	1
-240.000000	-240.000000	0.095148	-0.225148	0.244428	1
-230.000000	-240.000000	0.075148	-0.360296	0.368050	1
-220.000000	-240.000000	0.025148	-0.525444	0.526046	1
-210.000000	-240.000000	0.015148	-0.650593	0.650769	1
-200.000000	-240.000000	-0.034852	-0.765741	0.766533	1
-190.000000	-240.000000	0.005148	-0.860889	0.860904	1
-180.000000	-240.000000	-0.034852	-0.966037	0.966665	1
-170.000000	-240.000000	0.005148	-1.091185	1.091197	1
-160.000000	-240.000000	0.025148	-1.216333	1.216593	1
-150.000000	-240.000000	-0.024852	-1.371481	1.371706	1
-140.000000	-240.000000	-0.014852	-1.496629	1.496703	1
-130.000000	-240.000000	-0.024852	-1.621778	1.621968	1
-120.000000	-240.000000	-0.024852	-1.736926	1.737103	1
-110.000000	-240.000000	-0.024852	-1.812074	1.812244	1
-100.000000	-240.000000	-0.035629	-2.047044	2.047354	2
-90.000000	-240.000000	-0.095629	-2.116276	2.118435	2
-80.000000	-240.000000	-0.065629	-2.210507	2.211481	2
-70.000000	-240.000000	-0.025629	-2.274738	2.274883	2
-60.000000	-240.000000	-0.080629	-2.378970	2.380336	2
-50.000000	-240.000000	-0.155629	-2.483201	2.488073	2
-40.000000	-240.000000	-0.110629	-2.577433	2.579806	2
-30.000000	-240.000000	-0.125629	-2.656664	2.659633	2
-20.000000	-240.000000	-0.115629	-2.755895	2.758320	2
-10.000000	-240.000000	-0.100629	-2.835127	2.836912	2
0.000000	-240.000000	-0.075629	-2.934358	2.935333	2
10.000000	-240.000000	-0.115629	-3.003590	3.005814	2
20.000000	-240.000000	-0.160629	-3.112821	3.116963	2
30.000000	-240.000000	-0.200629	-3.217052	3.223302	2
40.000000	-240.000000	-0.155629	-3.311284	3.314939	2
50.000000	-240.000000	-0.260629	-3.410515	3.420459	2
60.000000	-240.000000	-0.185629	-3.479747	3.484694	2
70.000000	-240.000000	-0.130629	-3.578978	3.581361	2
80.000000	-240.000000	-0.180629	-3.718209	3.722594	2
90.000000	-240.000000	-0.225629	-3.802441	3.809129	2
100.000000	-240.000000	-0.300629	-3.896672	3.908252	2
110.000000	-240.000000	-0.296405	-4.096475	4.107184	1
120.000000	-240.000000	-0.276405	-4.159789	4.168962	1
130.000000	-240.000000	-0.266405	-4.243104	4.251459	1
140.000000	-240.000000	-0.246405	-4.326419	4.333430	1
150.000000	-240.000000	-0.286405	-4.479733	4.488879	1
160.000000	-240.000000	-0.266405	-4.603048	4.610751	1
170.000000	-240.000000	-0.276405	-4.736363	4.744421	1
180.000000	-240.000000	-0.306405	-4.859677	4.869327	1
190.000000	-240.000000	-0.316405	-4.962992	4.973068	1
200.000000	-240.000000	-0.316405	-5.086307	5.096138	1
210.000000	-240.000000	-0.326405	-5.279621	5.289701	1
220.000000	-240.000000	-0.326405	-5.432936	5.442732	1
230.000000	-240.000000	-0.356405	-5.506251	5.517773	1
240.000000	-240.000000	-0.376405	-5.529565	5.542362	1
250.000000	-240.000000	-0.396405	-5.562880	5.576986	1
-250.000000	-230.000000	-0.049704	-0.120000	0.129886	1
-240.000000	-230.000000	-0.029704	-0.235148	0.237017	1
-230.000000	-230.000000	-0.039704	-0.350296	0.352539	1
-220.000000	-230.000000	-0.039704	-0.525444	0.526942	1
-210.000000	-230.000000	-0.109704	-0.650593	0.659777	1
-200.000000	-230.000000	-0.109704	-0.715741	0.724099	1
-190.000000	-230.000000	-0.089704	-0.790889	0.795960	1
-180.000000	-230.000000	-0.099704	-0.926037	0.931389	1
-170.000000	-230.000000	-0.049704	-1.091185	1.092316	1
-160.000000	-230.000000	-0.049704	-1.196333	1.197365	1
-150.000000	-230.000000	-0.089704	-1.351481	1.354455	1
-140.000000	-230.000000	-0.109704	-1.496629	1.500645	1
-130.000000	-230.000000	-0.129704	-1.591778	1.597053	1
-120.000000	-230.000000	-0.139704	-1.736926	1.742535	1
-110.000000	-230.000000	-0.089704	-1.762074	1.764356	1
-100.000000	-230.000000	-0.106397	-2.022044	2.024842	2
-90.000000	-230.000000	-0.156397	-2.096276	2.102102	2
-80.000000	-230.000000	-0.126397	-2.195507	2.199142	2
-70.000000	-230.000000	-0.071397	-2.289738	2.290851	2
-60.000000	-230.000000	-0.136397	-2.428970	2.432796	2
-50.000000	-230.000000	-0.201397	-2.533201	2.541194	2
-40.000000	-230.000000	-0.161397	-2.622433	2.627395	2
-30.000000	-230.000000	-0.156397	-2.691664	2.696204	2
-20.000000	-230.000000	-0.156397	-2.780895	2.785290	2
-10.000000	-230.000000	-0.151397	-2.880127	2.884103	2
0.000000	-230.000000	-0.136397	-2.974358	2.977484	2
10.000000	-230.000000	-0.191397	-3.053590	3.059582	2
20.000000	-230.000000	-0.216397	-3.147821	3.155250	2
30.000000	-230.000000	-0.231397	-3.237052	3.245312	2
40.000000	-230.000000	-0.181397	-3.316284	3.321241	2
50.000000	-230.000000	-0.266397	-3.405515	3.415919	2
60.000000	-230.000000	-0.176397	-3.499747	3.504189	2
70.000000	-230.000000	-0.126397	-3.613978	3.616188	2
80.000000	-230.000000	-0.201397	-3.723209	3.728652	2
90.000000	-230.000000	-0.256397	-3.817441	3.826041	2
100.000000	-230.000000	-0.316397	-3.951672	3.964318	2
110.000000	-230.000000	-0.273091	-4.156475	4.165436	1
120.000000	-230.000000	-0.203091	-4.269789	4.274616	1
130.000000	-230.000000	-0.203091	-4.413104	4.417775	1
140.000000	-230.000000	-0.183091	-4.466419	4.470170	1
150.000000	-230.000000	-0.223091	-4.589733	4.595152	1
160.000000	-230.000000	-0.223091	-4.713048	4.718325	1
170.000000	-230.000000	-0.263091	-4.846363	4.853498	1
180.000000	-230.000000	-0.313091	-4.979677	4.989510	1
190.000000	-230.000000	-0.333091	-5.102992	5.113851	1
200.000000	-230.000000	-0.373091	-5.206307	5.219657	1
210.000000	-230.000000	-0.413091	-5.399621	5.415400	1
220.000000	-230.000000	-0.403091	-5.562936	5.577521	1
230.000000	-230.000000	-0.403091	-5.606251	5.620723	1
240.000000	-230.000000	-0.453091	-5.609565	5.627834	1
250.000000	-230.000000	-0.573091	-5.642880	5.671907	1
-250.000000	-220.000000	0.055444	-0.030000	0.063040	1
-240.000000	-220.000000	0.055444	-0.095148	0.110124	1
-230.000000	-220.000000	0.015444	-0.240296	0.240792	1
-220.000000	-220.000000	0.005444	-0.365444	0.365485	1
-210.000000	-220.000000	-0.024556	-0.510593	0.511183	1
-200.000000	-220.000000	-0.024556	-0.635741	0.636215	1
-190.000000	-220.000000	-0.004556	-0.780889	0.780902	1
-180.000000	-220.000000	-0.064556	-0.896037	0.898359	1
-170.000000	-220.000000	-0.034556	-1.041185	1.041758	1
-160.000000	-220.000000	0.005444	-1.146333	1.146346	1
-150.000000	-220.000000	-0.024556	-1.251481	1.251722	1
-140.000000	-220.000000	-0.064556	-1.376629	1.378142	1
-130.000000	-220.000000	-0.104556	-1.491778	1.495437	1
-120.000000	-220.000000	-0.144556	-1.626926	1.633335	1
-110.000000	-220.000000	-0.104556	-1.752074	1.755191	1
-100.000000	-220.000000	-0.097166	-1.922044	1.924499	2
-90.000000	-220.000000	-0.137166	-2.001276	2.005971	2
-80.000000	-220.000000	-0.122166	-2.170507	2.173942	2
-70.000000	-220.000000	-0.097166	-2.269738	2.271817	2
-60.000000	-220.000000	-0.172166	-2.368970	2.375218	2
-50.000000	-220.000000	-0.222166	-2.453201	2.463241	2
-40.000000	-220.000000	-0.177166	-2.577433	2.583514	2
-30.000000	-220.000000	-0.172166	-2.681664	2.687185	2
-20.000000	-220.000000	-0.167166	-2.740895	2.745988	2
-10.000000	-220.000000	-0.157166	-2.815127	2.819511	2
0.000000	-220.000000	-0.147166	-2.904358	2.908084	2
10.000000	-220.000000	-0.207166	-3.008590	3.015714	2
20.000000	-220.000000	-0.242166	-3.092821	3.102287	2
30.000000	-220.000000	-0.277166	-3.197052	3.209044	2
40.000000	-220.000000	-0.237166	-3.281284	3.289844	2
50.000000	-220.000000	-0.327166	-3.350515	3.366451	2
60.000000	-220.000000	-0.252166	-3.429747	3.439004	2
70.000000	-220.000000	-0.242166	-3.533978	3.542265	2
80.000000	-220.000000	-0.302166	-3.658209	3.670668	2
90.000000	-220.000000	-0.342166	-3.762441	3.777967	2
100.000000	-220.000000	-0.422166	-3.851672	3.874739	2
110.000000	-220.000000	-0.429776	-4.106475	4.128903	1
120.000000	-220.000000	-0.409776	-4.209789	4.229686	1
130.000000	-220.000000	-0.399776	-4.303104	4.321634	1
140.000000	-220.000000	-0.389776	-4.486419	4.503318	1
150.000000	-220.000000	-0.419776	-4.589733	4.608890	1
160.000000	-220.000000	-0.409776	-4.703048	4.720866	1
170.000000	-220.000000	-0.419776	-4.826363	4.844583	1
180.000000	-220.000000	-0.449776	-4.939677	4.960112	1
190.000000	-220.000000	-0.479776	-5.082992	5.105584	1
200.000000	-220.000000	-0.509776	-5.196307	5.221252	1
210.000000	-220.000000	-0.519776	-5.309621	5.335002	1
220.000000	-220.000000	-0.529776	-5.432936	5.458704	1
230.000000	-220.000000	-0.559776	-5.466251	5.494838	1
240.000000	-220.000000	-0.569776	-5.509565	5.538949	1
250.000000	-220.000000	-0.659776	-5.562880	5.601869	1
-250.000000	-210.000000	-0.109407	0.000000	0.109407	1
-240.000000	-210.000000	-0.099407	-0.155148	0.184263	1
-230.000000	-210.000000	-0.109407	-0.250296	0.273163	1
-220.000000	-210.000000	-0.109407	-0.425444	0.439287	1
-210.000000	-210.000000	-0.099407	-0.560593	0.569338	1
-200.000000	-210.000000	-0.069407	-0.665741	0.669349	1
-190.000000	-210.000000	-0.069407	-0.740889	0.744133	1
-180.000000	-210.000000	-0.139407	-0.836037	0.847580	1
-170.000000	-210.000000	-0.099407	-1.011185	1.016060	1
-160.000000	-210.000000	-0.059407	-1.116333	1.117913	1
-150.000000	-210.000000	-0.099407	-1.271481	1.275361	1
-140.000000	-210.000000	-0.119407	-1.396629	1.401725	1
-130.000000	-210.000000	-0.159407	-1.491778	1.500270	1
-120.000000	-210.000000	-0.149407	-1.596926	1.603900	1
-110.000000	-210.000000	-0.129407	-1.732074	1.736901	1
-100.000000	-210.000000	-0.082934	-1.957044	1.958801	2
-90.000000	-210.000000	-0.132934	-2.051276	2.055579	2
-80.000000	-210.000000	-0.132934	-2.145507	2.149621	2
-70.000000	-210.000000	-0.127934	-2.249738	2.253373	2
-60.000000	-210.000000	-0.197934	-2.323970	2.332384	2
-50.000000	-210.000000	-0.237934	-2.443201	2.454760	2
-40.000000	-210.000000	-0.197934	-2.567433	2.575051	2
-30.000000	-210.000000	-0.227934	-2.661664	2.671406	2
-20.000000	-210.000000	-0.242934	-2.735895	2.746660	2
-10.000000	-210.000000	-0.232934	-2.835127	2.844680	2
0.000000	-210.000000	-0.212934	-2.929358	2.937087	2
10.000000	-210.000000	-0.247934	-3.013590	3.023771	2
20.000000	-210.000000	-0.297934	-3.107821	3.122069	2
30.000000	-210.000000	-0.337934	-3.232052	3.249671	2
40.000000	-210.000000	-0.292934	-3.306284	3.319235	2
50.000000	-210.000000	-0.372934	-3.400515	3.420904	2
60.000000	-210.000000	-0.272934	-3.489747	3.500403	2
70.000000	-210.000000	-0.242934	-3.598978	3.607168	2
80.000000	-210.000000	-0.317934	-3.703209	3.716832	2
90.000000	-210.000000	-0.352934	-3.782441	3.798871	2
100.000000	-210.000000	-0.432934	-3.906672	3.930588	2
110.000000	-210.000000	-0.416461	-4.126475	4.147437	1
120.000000	-210.000000	-0.386461	-4.169789	4.187660	1
130.000000	-210.000000	-0.396461	-4.273104	4.291456	1
140.000000	-210.000000	-0.376461	-4.416419	4.432435	1
150.000000	-210.000000	-0.386461	-4.539733	4.556153	1
160.000000	-210.000000	-0.386461	-4.633048	4.649138	1
170.000000	-210.000000	-0.406461	-4.766363	4.783662	1
180.000000	-210.000000	-0.456461	-4.919677	4.940808	1
190.000000	-210.000000	-0.476461	-5.032992	5.055494	1
200.000000	-210.000000	-0.506461	-5.146307	5.171168	1
210.000000	-210.000000	-0.516461	-5.289621	5.314774	1
220.000000	-210.000000	-0.546461	-5.432936	5.460349	1
230.000000	-210.000000	-0.566461	-5.466251	5.495523	1
240.000000	-210.000000	-0.586461	-5.499565	5.530746	1
250.000000	-210.000000	-0.656461	-5.522880	5.561757	1
-250.000000	-200.000000	-0.034259	0.040000	0.052666	1
-240.000000	-200.000000	-0.044259	-0.115148	0.123361	1
-230.000000	-200.000000	-0.024259	-0.290296	0.291308	1
-220.000000	-200.000000	-0.064259	-0.425444	0.430270	1
-210.000000	-200.000000	-0.094259	-0.570593	0.578326	1
-200.000000	-200.000000	-0.084259	-0.705741	0.710753	1
-190.000000	-200.000000	-0.044259	-0.820889	0.822081	1
-180.000000	-200.000000	-0.104259	-0.876037	0.882219	1
-170.000000	-200.000000	-0.054259	-1.011185	1.012640	1
-160.000000	-200.000000	-0.014259	-1.166333	1.166420	1
-150.000000	-200.000000	-0.054259	-1.321481	1.322595	1
-140.000000	-200.000000	-0.084259	-1.486629	1.489015	1
-130.000000	-200.000000	-0.104259	-1.581778	1.585210	1
-120.000000	-200.000000	-0.104259	-1.696926	1.700125	1
-110.000000	-200.000000	-0.084259	-1.792074	1.794054	1
-100.000000	-200.000000	-0.163703	-2.007044	2.013709	2
-90.000000	-200.000000	-0.193703	-2.071276	2.080313	2
-80.000000	-200.000000	-0.218703	-2.180507	2.191447	2
-70.000000	-200.000000	-0.188703	-2.239738	2.247674	2
-60.000000	-200.000000	-0.248703	-2.323970	2.337240	2
-50.000000	-200.000000	-0.313703	-2.458201	2.478137	2
-40.000000	-200.000000	-0.278703	-2.552433	2.567603	2
-30.000000	-200.000000	-0.273703	-2.671664	2.685647	2
-20.000000	-200.000000	-0.248703	-2.755895	2.767095	2
-10.000000	-200.000000	-0.253703	-2.855127	2.866377	2
0.000000	-200.000000	-0.253703	-2.954358	2.965231	2
10.000000	-200.000000	-0.273703	-3.028590	3.040932	2
20.000000	-200.000000	-0.303703	-3.097821	3.112673	2
30.000000	-200.000000	-0.313703	-3.217052	3.232311	2
40.000000	-200.000000	-0.298703	-3.331284	3.344649	2
50.000000	-200.000000	-0.363703	-3.430515	3.449741	2
60.000000	-200.000000	-0.263703	-3.529747	3.539583	2
70.000000	-200.000000	-0.218703	-3.663978	3.670499	2
80.000000	-200.000000	-0.303703	-3.743209	3.755510	2
90.000000	-200.000000	-0.358703	-3.847441	3.864126	2
100.000000	-200.000000	-0.443703	-4.016672	4.041105	2
110.000000	-200.000000	-0.443147	-4.116475	4.140259	1
120.000000	-200.000000	-0.333147	-4.249789	4.262827	1
130.000000	-200.000000	-0.413147	-4.343104	4.362710	1
140.000000	-200.000000	-0.393147	-4.436419	4.453804	1
150.000000	-200.000000	-0.423147	-4.589733	4.609198	1
160.000000	-200.000000	-0.393147	-4.713048	4.729417	1
170.000000	-200.000000	-0.413147	-4.846363	4.863941	1
180.000000	-200.000000	-0.433147	-4.999677	5.018405	1
190.000000	-200.000000	-0.463147	-5.122992	5.143885	1
200.000000	-200.000000	-0.483147	-5.276307	5.298381	1
210.000000	-200.000000	-0.493147	-5.479621	5.501767	1
220.000000	-200.000000	-0.503147	-5.642936	5.665323	1
230.000000	-200.000000	-0.543147	-5.716251	5.741997	1
240.000000	-200.000000	-0.573147	-5.739565	5.768111	1
250.000000	-200.000000	-0.683147	-5.742880	5.783369	1
-250.000000	-190.000000	-0.009111	0.050000	0.050823	1
-240.000000	-190.000000	-0.059111	-0.125148	0.138406	1
-230.000000	-190.000000	-0.029111	-0.280296	0.281804	1
-220.000000	-190.000000	-0.049111	-0.435444	0.438205	1
-210.000000	-190.000000	-0.079111	-0.530593	0.536458	1
-200.000000	-190.000000	-0.089111	-0.605741	0.612260	1
-190.000000	-190.000000	-0.059111	-0.770889	0.773152	1
-180.000000	-190.000000	-0.109111	-0.936037	0.942375	1
-170.000000	-190.000000	-0.079111	-1.061185	1.064130	1
-160.000000	-190.000000	-0.009111	-1.136333	1.136370	1
-150.000000	-190.000000	-0.049111	-1.261481	1.262437	1
-140.000000	-190.000000	-0.059111	-1.386629	1.387889	1
-130.000000	-190.000000	-0.099111	-1.491778	1.495066	1
-120.000000	-190.000000	-0.129111	-1.606926	1.612104	1
-110.000000	-190.000000	-0.099111	-1.662074	1.665026	1
-100.000000	-190.000000	-0.109472	-1.952044	1.955111	2
-90.000000	-190.000000	-0.194472	-2.036276	2.045541	2
-80.000000	-190.000000	-0.199472	-2.130507	2.139825	2
-70.000000	-190.000000	-0.159472	-2.234738	2.240421	2
-60.000000	-190.000000	-0.219472	-2.303970	2.314399	2
-50.000000	-190.000000	-0.279472	-2.418201	2.434297	2
-40.000000	-190.000000	-0.254472	-2.482433	2.495441	2
-30.000000	-190.000000	-0.294472	-2.616664	2.633181	2
-20.000000	-190.000000	-0.259472	-2.720895	2.733239	2
-10.000000	-190.000000	-0.249472	-2.875127	2.885930	2
0.000000	-190.000000	-0.229472	-2.994358	3.003138	2
10.000000	-190.000000	-0.259472	-3.083590	3.094487	2
20.000000	-190.000000	-0.294472	-3.182821	3.196414	2
30.000000	-190.000000	-0.299472	-3.297052	3.310625	2
40.000000	-190.000000	-0.274472	-3.391284	3.402373	2
50.000000	-190.000000	-0.359472	-3.465515	3.484109	2
60.000000	-190.000000	-0.249472	-3.599747	3.608381	2
70.000000	-190.000000	-0.189472	-3.713978	3.718808	2
80.000000	-190.000000	-0.269472	-3.838209	3.847657	2
90.000000	-190.000000	-0.329472	-3.937441	3.951201	2
100.000000	-190.000000	-0.394472	-4.001672	4.021068	2
110.000000	-190.000000	-0.319832	-4.226475	4.238559	1
120.000000	-190.000000	-0.269832	-4.309789	4.318228	1
130.000000	-190.000000	-0.299832	-4.443104	4.453209	1
140.000000	-190.000000	-0.329832	-4.536419	4.548393	1
150.000000	-190.000000	-0.359832	-4.659733	4.673606	1
160.000000	-190.000000	-0.339832	-4.783048	4.795105	1
170.000000	-190.000000	-0.389832	-4.906363	4.921825	1
180.000000	-190.000000	-0.449832	-5.029677	5.049753	1
190.000000	-190.000000	-0.459832	-5.152992	5.173468	1
200.000000	-190.000000	-0.499832	-5.276307	5.299929	1
210.000000	-190.000000	-0.509832	-5.449621	5.473418	1
220.000000	-190.000000	-0.519832	-5.602936	5.626999	1
230.000000	-190.000000	-0.569832	-5.656251	5.684882	1
240.000000	-190.000000	-0.629832	-5.669565	5.704442	1
250.000000	-190.000000	-0.709832	-5.712880	5.756810	1
-250.000000	-180.000000	-0.013963	0.030000	0.033090	1
-240.000000	-180.000000	-0.023963	-0.105148	0.107844	1
-230.000000	-180.000000	-0.013963	-0.270296	0.270657	1
-220.000000	-180.000000	-0.023963	-0.435444	0.436103	1
-210.000000	-180.000000	-0.053963	-0.550593	0.553231	1
-200.000000	-180.000000	-0.063963	-0.655741	0.658853	1
-190.000000	-180.000000	-0.033963	-0.730889	0.731677	1
-180.000000	-180.000000	-0.103963	-0.846037	0.852401	1
-170.000000	-180.000000	-0.063963	-1.011185	1.013206	1
-160.000000	-180.000000	-0.033963	-1.166333	1.166828	1
-150.000000	-180.000000	-0.053963	-1.301481	1.302600	1
-140.000000	-180.000000	-0.063963	-1.466629	1.468024	1
-130.000000	-180.000000	-0.103963	-1.601778	1.605148	1
-120.000000	-180.000000	-0.143963	-1.676926	1.683094	1
-110.000000	-180.000000	-0.113963	-1.752074	1.755776	1
-100.000000	-180.000000	-0.110240	-1.982044	1.985108	2
-90.000000	-180.000000	-0.170240	-2.071276	2.078260	2
-80.000000	-180.000000	-0.155240	-2.145507	2.151116	2
-70.000000	-180.000000	-0.120240	-2.209738	2.213007	2
-60.000000	-180.000000	-0.165240	-2.313970	2.319862	2
-50.000000	-180.000000	-0.235240	-2.443201	2.454500	2
-40.000000	-180.000000	-0.225240	-2.547433	2.557371	2
-30.000000	-180.000000	-0.250240	-2.636664	2.648512	2
-20.000000	-180.000000	-0.250240	-2.715895	2.727400	2
-10.000000	-180.000000	-0.245240	-2.830127	2.840732	2
0.000000	-180.000000	-0.255240	-2.919358	2.930495	2
10.000000	-180.000000	-0.305240	-2.963590	2.979268	2
20.000000	-180.000000	-0.320240	-3.052821	3.069572	2
30.000000	-180.000000	-0.370240	-3.127052	3.148894	2
40.000000	-180.000000	-0.330240	-3.221284	3.238167	2
50.000000	-180.000000	-0.415240	-3.295515	3.321573	2
60.000000	-180.000000	-0.305240	-3.449747	3.463224	2
70.000000	-180.000000	-0.255240	-3.598978	3.608017	2
80.000000	-180.000000	-0.330240	-3.733209	3.747787	2
90.000000	-180.000000	-0.385240	-3.852441	3.871655	2
100.000000	-180.000000	-0.450240	-3.946672	3.972271	2
110.000000	-180.000000	-0.466517	-4.196475	4.222326	1
120.000000	-180.000000	-0.406517	-4.289789	4.309008	1
130.000000	-180.000000	-0.386517	-4.403104	4.420036	1
140.000000	-180.000000	-0.396517	-4.546419	4.563677	1
150.000000	-180.000000	-0.416517	-4.629733	4.648432	1
160.000000	-180.000000	-0.346517	-4.743048	4.755689	1
170.000000	-180.000000	-0.316517	-4.856363	4.866666	1
180.000000	-180.000000	-0.386517	-4.999677	5.014595	1
190.000000	-180.000000	-0.366517	-5.102992	5.116137	1
200.000000	-180.000000	-0.456517	-5.226307	5.246207	1
210.000000	-180.000000	-0.496517	-5.399621	5.422402	1
220.000000	-180.000000	-0.516517	-5.562936	5.586864	1
230.000000	-180.000000	-0.656517	-5.626251	5.664425	1
240.000000	-180.000000	-0.676517	-5.649565	5.689926	1
250.000000	-180.000000	-0.766517	-5.662880	5.714522	1
-250.000000	-170.000000	0.001185	0.110000	0.110006	1
-240.000000	-170.000000	-0.008815	-0.085148	0.085603	1
-230.000000	-170.000000	-0.018815	-0.230296	0.231064	1
-220.000000	-170.000000	-0.028815	-0.305444	0.306801	1
-210.000000	-170.000000	-0.038815	-0.440593	0.442299	1
-200.000000	-170.000000	-0.048815	-0.625741	0.627642	1
-190.000000	-170.000000	-0.018815	-0.740889	0.741128	1
-180.000000	-170.000000	-0.088815	-0.856037	0.860632	1
-170.000000	-170.000000	-0.068815	-0.981185	0.983595	1
-160.000000	-170.000000	-0.008815	-1.106333	1.106368	1
-150.000000	-170.000000	0.011185	-1.241481	1.241532	1
-140.000000	-170.000000	-0.018815	-1.396629	1.396756	1
-130.000000	-170.000000	-0.068815	-1.531778	1.533322	1
-120.000000	-170.000000	-0.108815	-1.626926	1.630561	1
-110.000000	-170.000000	-0.098815	-1.742074	1.744874	1
-100.000000	-170.000000	-0.136009	-1.972044	1.976729	2
-90.000000	-170.000000	-0.206009	-2.026276	2.036721	2
-80.000000	-170.000000	-0.191009	-2.125507	2.134072	2
-70.000000	-170.000000	-0.131009	-2.229738	2.233584	2
-60.000000	-170.000000	-0.176009	-2.303970	2.310683	2
-50.000000	-170.000000	-0.261009	-2.408201	2.422304	2
-40.000000	-170.000000	-0.241009	-2.527433	2.538898	2
-30.000000	-170.000000	-0.261009	-2.621664	2.634625	2
-20.000000	-170.000000	-0.236009	-2.720895	2.731112	2
-10.000000	-170.000000	-0.221009	-2.815127	2.823789	2
0.000000	-170.000000	-0.246009	-2.904358	2.914758	2
10.000000	-170.000000	-0.291009	-2.963590	2.977843	2
20.000000	-170.000000	-0.296009	-3.062821	3.077092	2
30.000000	-170.000000	-0.316009	-3.152052	3.167854	2
40.000000	-170.000000	-0.266009	-3.281284	3.292049	2
50.000000	-170.000000	-0.356009	-3.375515	3.394237	2
60.000000	-170.000000	-0.246009	-3.454747	3.463495	2
70.000000	-170.000000	-0.211009	-3.503978	3.510326	2
80.000000	-170.000000	-0.301009	-3.598209	3.610778	2
90.000000	-170.000000	-0.336009	-3.652441	3.667864	2
100.000000	-170.000000	-0.401009	-3.776672	3.797902	2
110.000000	-170.000000	-0.323203	-4.056475	4.069330	1
120.000000	-170.000000	-0.273203	-4.159789	4.168751	1
130.000000	-170.000000	-0.363203	-4.293104	4.308440	1
140.000000	-170.000000	-0.373203	-4.406419	4.422195	1
150.000000	-170.000000	-0.453203	-4.599733	4.622006	1
160.000000	-170.000000	-0.413203	-4.733048	4.751050	1
170.000000	-170.000000	-0.383203	-4.856363	4.871458	1
180.000000	-170.000000	-0.413203	-4.969677	4.986825	1
190.000000	-170.000000	-0.443203	-5.072992	5.092315	1
200.000000	-170.000000	-0.463203	-5.176307	5.196990	1
210.000000	-170.000000	-0.483203	-5.329621	5.351481	1
220.000000	-170.000000	-0.503203	-5.482936	5.505978	1
230.000000	-170.000000	-0.553203	-5.546251	5.573771	1
240.000000	-170.000000	-0.633203	-5.589565	5.625316	1
250.000000	-170.000000	-0.753203	-5.622880	5.673103	1
-250.000000	-160.000000	0.086333	0.100000	0.132111	1
-240.000000	-160.000000	0.086333	-0.045148	0.097426	1
-230.000000	-160.000000	0.046333	-0.190296	0.195856	1
-220.000000	-160.000000	0.026333	-0.355444	0.356418	1
-210.000000	-160.000000	0.006333	-0.490593	0.490633	1
-200.000000	-160.000000	0.006333	-0.555741	0.555777	1
-190.000000	-160.000000	0.036333	-0.650889	0.651902	1
-180.000000	-160.000000	-0.053667	-0.766037	0.767914	1
-170.000000	-160.000000	-0.003667	-0.901185	0.901192	1
-160.000000	-160.000000	0.056333	-1.036333	1.037863	1
-150.000000	-160.000000	0.006333	-1.191481	1.191498	1
-140.000000	-160.000000	-0.023667	-1.356629	1.356836	1
-130.000000	-160.000000	-0.093667	-1.461778	1.464775	1
-120.000000	-160.000000	-0.143667	-1.566926	1.573498	1
-110.000000	-160.000000	-0.133667	-1.652074	1.657472	1
-100.000000	-160.000000	-0.151777	-1.897044	1.903106	2
-90.000000	-160.000000	-0.216777	-1.981276	1.993100	2
-80.000000	-160.000000	-0.201777	-2.085507	2.095246	2
-70.000000	-160.000000	-0.141777	-2.189738	2.194323	2
-60.000000	-160.000000	-0.206777	-2.268970	2.278372	2
-50.000000	-160.000000	-0.256777	-2.368201	2.382081	2
-40.000000	-160.000000	-0.216777	-2.477433	2.486899	2
-30.000000	-160.000000	-0.231777	-2.536664	2.547231	2
-20.000000	-160.000000	-0.181777	-2.630895	2.637168	2
-10.000000	-160.000000	-0.181777	-2.725127	2.731183	2
0.000000	-160.000000	-0.211777	-2.834358	2.842259	2
10.000000	-160.000000	-0.281777	-2.953590	2.967000	2
20.000000	-160.000000	-0.306777	-3.057821	3.073171	2
30.000000	-160.000000	-0.326777	-3.142052	3.158999	2
40.000000	-160.000000	-0.261777	-3.246284	3.256821	2
50.000000	-160.000000	-0.341777	-3.340515	3.357954	2
60.000000	-160.000000	-0.256777	-3.444747	3.454304	2
70.000000	-160.000000	-0.226777	-3.518978	3.526278	2
80.000000	-160.000000	-0.316777	-3.578209	3.592204	2
90.000000	-160.000000	-0.371777	-3.737441	3.755886	2
100.000000	-160.000000	-0.451777	-3.831672	3.858214	2
110.000000	-160.000000	-0.459888	-4.016475	4.042717	1
120.000000	-160.000000	-0.409888	-4.149789	4.169983	1
130.000000	-160.000000	-0.419888	-4.313104	4.333494	1
140.000000	-160.000000	-0.399888	-4.396419	4.414568	1
150.000000	-160.000000	-0.429888	-4.489733	4.510267	1
160.000000	-160.000000	-0.419888	-4.603048	4.622159	1
170.000000	-160.000000	-0.399888	-4.746363	4.763178	1
180.000000	-160.000000	-0.429888	-4.889677	4.908538	1
190.000000	-160.000000	-0.449888	-5.002992	5.023179	1
200.000000	-160.000000	-0.519888	-5.136307	5.162551	1
210.000000	-160.000000	-0.559888	-5.309621	5.339059	1
220.000000	-160.000000	-0.589888	-5.442936	5.474808	1
230.000000	-160.000000	-0.609888	-5.496251	5.529985	1
240.000000	-160.000000	-0.649888	-5.509565	5.547762	1
250.000000	-160.000000	-0.769888	-5.562880	5.615902	1
-250.000000	-150.000000	0.041481	0.080000	0.090115	1
-240.000000	-150.000000	0.051481	-0.065148	0.083034	1
-230.000000	-150.000000	0.031481	-0.210296	0.212640	1
-220.000000	-150.000000	-0.008519	-0.375444	0.375541	1
-210.000000	-150.000000	-0.008519	-0.510593	0.510664	1
-200.000000	-150.000000	0.011481	-0.655741	0.655841	1
-190.000000	-150.000000	0.061481	-0.790889	0.793275	1
-180.000000	-150.000000	-0.028519	-0.916037	0.916481	1
-170.000000	-150.000000	-0.018519	-1.051185	1.051348	1
-160.000000	-150.000000	0.041481	-1.186333	1.187058	1
-150.000000	-150.000000	0.031481	-1.321481	1.321856	1
-140.000000	-150.000000	0.011481	-1.476629	1.476674	1
-130.000000	-150.000000	-0.028519	-1.601778	1.602031	1
-120.000000	-150.000000	-0.078519	-1.696926	1.698741	1
-110.000000	-150.000000	-0.078519	-1.752074	1.753832	1
-100.000000	-150.000000	-0.132546	-1.947044	1.951551	2
-90.000000	-150.000000	-0.162546	-2.011276	2.017833	2
-80.000000	-150.000000	-0.137546	-2.095507	2.100016	2
-70.000000	-150.000000	-0.097546	-2.189738	2.191910	2
-60.000000	-150.000000	-0.187546	-2.303970	2.311590	2
-50.000000	-150.000000	-0.262546	-2.428201	2.442354	2
-40.000000	-150.000000	-0.207546	-2.527433	2.535940	2
-30.000000	-150.000000	-0.237546	-2.626664	2.637384	2
-20.000000	-150.000000	-0.222546	-2.685895	2.695099	2
-10.000000	-150.000000	-0.222546	-2.760127	2.769084	2
0.000000	-150.000000	-0.197546	-2.864358	2.871162	2
10.000000	-150.000000	-0.237546	-2.928590	2.938208	2
20.000000	-150.000000	-0.287546	-3.042821	3.056377	2
30.000000	-150.000000	-0.322546	-3.122052	3.138670	2
40.000000	-150.000000	-0.272546	-3.206284	3.217847	2
50.000000	-150.000000	-0.372546	-3.310515	3.331411	2
60.000000	-150.000000	-0.267546	-3.439747	3.450136	2
70.000000	-150.000000	-0.237546	-3.568978	3.576875	2
80.000000	-150.000000	-0.302546	-3.693209	3.705581	2
90.000000	-150.000000	-0.347546	-3.802441	3.818291	2
100.000000	-150.000000	-0.417546	-3.886672	3.909036	2
110.000000	-150.000000	-0.386573	-4.036475	4.054943	1
120.000000	-150.000000	-0.366573	-4.169789	4.185871	1
130.000000	-150.000000	-0.386573	-4.283104	4.300514	1
140.000000	-150.000000	-0.376573	-4.456419	4.472301	1
150.000000	-150.000000	-0.436573	-4.569733	4.590540	1
160.000000	-150.000000	-0.446573	-4.693048	4.714247	1
170.000000	-150.000000	-0.486573	-4.806363	4.830929	1
180.000000	-150.000000	-0.526573	-4.929677	4.957721	1
190.000000	-150.000000	-0.536573	-5.032992	5.061513	1
200.000000	-150.000000	-0.526573	-5.156307	5.183124	1
210.000000	-150.000000	-0.536573	-5.339621	5.366513	1
220.000000	-150.000000	-0.566573	-5.492936	5.522078	1
230.000000	-150.000000	-0.566573	-5.546251	5.575114	1
240.000000	-150.000000	-0.616573	-5.559565	5.593651	1
250.000000	-150.000000	-0.736573	-5.602880	5.651089	1
-250.000000	-140.000000	0.056629	0.010000	0.057506	1
-240.000000	-140.000000	0.066629	-0.125148	0.141780	1
-230.000000	-140.000000	0.076629	-0.260296	0.271341	1
-220.000000	-140.000000	0.066629	-0.445444	0.450400	1
-210.000000	-140.000000	0.066629	-0.580593	0.584403	1
-200.000000	-140.000000	0.026629	-0.685741	0.686257	1
-190.000000	-140.000000	0.016629	-0.760889	0.761070	1
-180.000000	-140.000000	-0.053371	-0.866037	0.867680	1
-170.000000	-140.000000	-0.053371	-0.961185	0.962666	1
-160.000000	-140.000000	-0.003371	-1.106333	1.106338	1
-150.000000	-140.000000	-0.023371	-1.251481	1.251699	1
-140.000000	-140.000000	-0.043371	-1.336629	1.337333	1
-130.000000	-140.000000	-0.083371	-1.531778	1.534045	1
-120.000000	-140.000000	-0.113371	-1.666926	1.670776	1
-110.000000	-140.000000	-0.073371	-1.742074	1.743618	1
-100.000000	-140.000000	-0.098315	-1.907044	1.909577	2
-90.000000	-140.000000	-0.153315	-1.981276	1.987199	2
-80.000000	-140.000000	-0.123315	-2.060507	2.064194	2
-70.000000	-140.000000	-0.098315	-2.119738	2.122017	2
-60.000000	-140.000000	-0.173315	-2.268970	2.275579	2
-50.000000	-140.000000	-0.253315	-2.388201	2.401598	2
-40.000000	-140.000000	-0.188315	-2.497433	2.504522	2
-30.000000	-140.000000	-0.203315	-2.591664	2.599627	2
-20.000000	-140.000000	-0.173315	-2.695895	2.701461	2
-10.000000	-140.000000	-0.183315	-2.790127	2.796142	2
0.000000	-140.000000	-0.198315	-2.889358	2.896156	2
10.000000	-140.000000	-0.243315	-2.943590	2.953629	2
20.000000	-140.000000	-0.273315	-3.012821	3.025193	2
30.000000	-140.000000	-0.308315	-3.092052	3.107386	2
40.000000	-140.000000	-0.278315	-3.186284	3.198416	2
50.000000	-140.000000	-0.378315	-3.280515	3.302257	2
60.000000	-140.000000	-0.273315	-3.409747	3.420683	2
70.000000	-140.000000	-0.218315	-3.523978	3.530734	2
80.000000	-140.000000	-0.273315	-3.628209	3.638489	2
90.000000	-140.000000	-0.333315	-3.762441	3.777176	2
100.000000	-140.000000	-0.423315	-3.866672	3.889775	2
110.000000	-140.000000	-0.443259	-4.116475	4.140271	1
120.000000	-140.000000	-0.403259	-4.229789	4.248969	1
130.000000	-140.000000	-0.423259	-4.303104	4.323870	1
140.000000	-140.000000	-0.383259	-4.416419	4.433017	1
150.000000	-140.000000	-0.393259	-4.589733	4.606550	1
160.000000	-140.000000	-0.363259	-4.713048	4.727026	1
170.000000	-140.000000	-0.373259	-4.826363	4.840774	1
180.000000	-140.000000	-0.413259	-4.969677	4.986830	1
190.000000	-140.000000	-0.433259	-5.072992	5.091459	1
200.000000	-140.000000	-0.503259	-5.196307	5.220620	1
210.000000	-140.000000	-0.573259	-5.379621	5.410079	1
220.000000	-140.000000	-0.613259	-5.532936	5.566818	1
230.000000	-140.000000	-0.643259	-5.566251	5.603296	1
240.000000	-140.000000	-0.693259	-5.589565	5.632393	1
250.000000	-140.000000	-0.803259	-5.622880	5.679965	1
-250.000000	-130.000000	0.031778	0.140000	0.143561	1
-240.000000	-130.000000	0.001778	-0.065148	0.065172	1
-230.000000	-130.000000	-0.048222	-0.210296	0.215754	1
-220.000000	-130.000000	-0.068222	-0.385444	0.391435	1
-210.000000	-130.000000	-0.018222	-0.550593	0.550894	1
-200.000000	-130.000000	-0.018222	-0.675741	0.675986	1
-190.000000	-130.000000	-0.018222	-0.780889	0.781101	1
-180.000000	-130.000000	-0.058222	-0.886037	0.887948	1
-170.000000	-130.000000	-0.038222	-1.041185	1.041886	1
-160.000000	-130.000000	0.041778	-1.186333	1.187069	1
-150.000000	-130.000000	0.021778	-1.321481	1.321661	1
-140.000000	-130.000000	0.001778	-1.456629	1.456630	1
-130.000000	-130.000000	-0.048222	-1.591778	1.592508	1
-120.000000	-130.000000	-0.118222	-1.676926	1.681088	1
-110.000000	-130.000000	-0.088222	-1.742074	1.744306	1
-100.000000	-130.000000	-0.169083	-1.872044	1.879665	2
-90.000000	-130.000000	-0.229083	-1.916276	1.929920	2
-80.000000	-130.000000	-0.209083	-2.045507	2.056165	2
-70.000000	-130.000000	-0.189083	-2.174738	2.182943	2
-60.000000	-130.000000	-0.244083	-2.288970	2.301947	2
-50.000000	-130.000000	-0.314083	-2.398201	2.418681	2
-40.000000	-130.000000	-0.279083	-2.512433	2.527886	2
-30.000000	-130.000000	-0.334083	-2.621664	2.642865	2
-20.000000	-130.000000	-0.324083	-2.700895	2.720269	2
-10.000000	-130.000000	-0.324083	-2.770127	2.789020	2
0.000000	-130.000000	-0.329083	-2.864358	2.883200	2
10.000000	-130.000000	-0.364083	-2.988590	3.010685	2
20.000000	-130.000000	-0.394083	-3.077821	3.102948	2
30.000000	-130.000000	-0.444083	-3.162052	3.193084	2
40.000000	-130.000000	-0.389083	-3.236284	3.259589	2
50.000000	-130.000000	-0.464083	-3.345515	3.377550	2
60.000000	-130.000000	-0.359083	-3.419747	3.438547	2
70.000000	-130.000000	-0.319083	-3.568978	3.583213	2
80.000000	-130.000000	-0.379083	-3.748209	3.767330	2
90.000000	-130.000000	-0.449083	-3.862441	3.888460	2
100.000000	-130.000000	-0.529083	-3.966672	4.001802	2
110.000000	-130.000000	-0.609944	-4.096475	4.141634	1
120.000000	-130.000000	-0.549944	-4.159789	4.195984	1
130.000000	-130.000000	-0.559944	-4.293104	4.329466	1
140.000000	-130.000000	-0.559944	-4.426419	4.461695	1
150.000000	-130.000000	-0.589944	-4.519733	4.558072	1
160.000000	-130.000000	-0.559944	-4.703048	4.736264	1
170.000000	-130.000000	-0.559944	-4.866363	4.898471	1
180.000000	-130.000000	-0.599944	-4.999677	5.035544	1
190.000000	-130.000000	-0.619944	-5.112992	5.150438	1
200.000000	-130.000000	-0.649944	-5.236307	5.276489	1
210.000000	-130.000000	-0.679944	-5.419621	5.462107	1
220.000000	-130.000000	-0.699944	-5.562936	5.606797	1
230.000000	-130.000000	-0.729944	-5.616251	5.663487	1
240.000000	-130.000000	-0.779944	-5.639565	5.693242	1
250.000000	-130.000000	-0.899944	-5.672880	5.743820	1
-250.000000	-120.000000	0.106926	0.140000	0.176162	1
-240.000000	-120.000000	0.026926	-0.045148	0.052568	1
-230.000000	-120.000000	0.006926	-0.210296	0.210410	1
-220.000000	-120.000000	-0.003074	-0.335444	0.335458	1
-210.000000	-120.000000	0.026926	-0.510593	0.511302	1
-200.000000	-120.000000	0.026926	-0.635741	0.636311	1
-190.000000	-120.000000	0.026926	-0.750889	0.751371	1
-180.000000	-120.000000	-0.003074	-0.866037	0.866042	1
-170.000000	-120.000000	0.016926	-1.021185	1.021325	1
-160.000000	-120.000000	0.056926	-1.146333	1.147746	1
-150.000000	-120.000000	0.026926	-1.251481	1.251771	1
-140.000000	-120.000000	-0.003074	-1.406629	1.406633	1
-130.000000	-120.000000	-0.053074	-1.581778	1.582668	1
-120.000000	-120.000000	-0.113074	-1.696926	1.700689	1
-110.000000	-120.000000	-0.093074	-1.792074	1.794489	1
-100.000000	-120.000000	-0.119852	-1.932044	1.935758	2
-90.000000	-120.000000	-0.209852	-1.976276	1.987386	2
-80.000000	-120.000000	-0.209852	-2.070507	2.081114	2
-70.000000	-120.000000	-0.199852	-2.189738	2.198840	2
-60.000000	-120.000000	-0.249852	-2.298970	2.312507	2
-50.000000	-120.000000	-0.344852	-2.398201	2.422869	2
-40.000000	-120.000000	-0.309852	-2.512433	2.531467	2
-30.000000	-120.000000	-0.369852	-2.611664	2.637722	2
-20.000000	-120.000000	-0.369852	-2.715895	2.740963	2
-10.000000	-120.000000	-0.334852	-2.810127	2.830007	2
0.000000	-120.000000	-0.334852	-2.889358	2.908697	2
10.000000	-120.000000	-0.359852	-2.973590	2.995284	2
20.000000	-120.000000	-0.399852	-3.057821	3.083853	2
30.000000	-120.000000	-0.434852	-3.142052	3.172001	2
40.000000	-120.000000	-0.384852	-3.221284	3.244192	2
50.000000	-120.000000	-0.459852	-3.305515	3.337348	2
60.000000	-120.000000	-0.364852	-3.399747	3.419268	2
70.000000	-120.000000	-0.334852	-3.463978	3.480125	2
80.000000	-120.000000	-0.409852	-3.633209	3.656253	2
90.000000	-120.000000	-0.459852	-3.767441	3.795402	2
100.000000	-120.000000	-0.529852	-3.906672	3.942440	2
110.000000	-120.000000	-0.576629	-4.126475	4.166569	1
120.000000	-120.000000	-0.536629	-4.239789	4.273615	1
130.000000	-120.000000	-0.556629	-4.323104	4.358792	1
140.000000	-120.000000	-0.556629	-4.446419	4.481124	1
150.000000	-120.000000	-0.566629	-4.579733	4.614653	1
160.000000	-120.000000	-0.556629	-4.723048	4.755735	1
170.000000	-120.000000	-0.596629	-4.836363	4.873025	1
180.000000	-120.000000	-0.626629	-4.949677	4.989185	1
190.000000	-120.000000	-0.636629	-5.062992	5.102860	1
200.000000	-120.000000	-0.666629	-5.186307	5.228974	1
210.000000	-120.000000	-0.706629	-5.369621	5.415917	1
220.000000	-120.000000	-0.746629	-5.532936	5.583085	1
230.000000	-120.000000	-0.786629	-5.586251	5.641363	1
240.000000	-120.000000	-0.836629	-5.619565	5.681502	1
250.000000	-120.000000	-0.946629	-5.662880	5.741456	1
-250.000000	-110.000000	0.262074	0.110000	0.284223	1
-240.000000	-110.000000	0.172074	-0.045148	0.177898	1
-230.000000	-110.000000	0.092074	-0.180296	0.202446	1
-220.000000	-110.000000	0.022074	-0.355444	0.356129	1
-210.000000	-110.000000	0.042074	-0.530593	0.532258	1
-200.000000	-110.000000	0.052074	-0.675741	0.677744	1
-190.000000	-110.000000	0.092074	-0.790889	0.796230	1
-180.000000	-110.000000	0.062074	-0.896037	0.898184	1
-170.000000	-110.000000	0.062074	-1.001185	1.003107	1
-160.000000	-110.000000	0.092074	-1.106333	1.110158	1
-150.000000	-110.000000	0.072074	-1.241481	1.243572	1
-140.000000	-110.000000	0.062074	-1.396629	1.398008	1
-130.000000	-110.000000	-0.007926	-1.541778	1.541798	1
-120.000000	-110.000000	-0.077926	-1.636926	1.638779	1
-110.000000	-110.000000	-0.037926	-1.742074	1.742487	1
-100.000000	-110.000000	-0.180620	-1.872044	1.880737	2
-90.000000	-110.000000	-0.265620	-1.951276	1.969272	2
-80.000000	-110.000000	-0.270620	-2.080507	2.098034	2
-70.000000	-110.000000	-0.250620	-2.159738	2.174231	2
-60.000000	-110.000000	-0.295620	-2.298970	2.317899	2
-50.000000	-110.000000	-0.350620	-2.418201	2.443488	2
-40.000000	-110.000000	-0.275620	-2.507433	2.522535	2
-30.000000	-110.000000	-0.335620	-2.571664	2.593472	2
-20.000000	-110.000000	-0.380620	-2.660895	2.687980	2
-10.000000	-110.000000	-0.360620	-2.765127	2.788543	2
0.000000	-110.000000	-0.375620	-2.839358	2.864096	2
10.000000	-110.000000	-0.380620	-2.913590	2.938346	2
20.000000	-110.000000	-0.405620	-3.012821	3.040003	2
30.000000	-110.000000	-0.435620	-3.037052	3.068135	2
40.000000	-110.000000	-0.395620	-3.201284	3.225637	2
50.000000	-110.000000	-0.490620	-3.295515	3.331836	2
60.000000	-110.000000	-0.380620	-3.429747	3.450802	2
70.000000	-110.000000	-0.340620	-3.573978	3.590173	2
80.000000	-110.000000	-0.400620	-3.708209	3.729787	2
90.000000	-110.000000	-0.465620	-3.832441	3.860622	2
100.000000	-110.000000	-0.535620	-3.911672	3.948173	2
110.000000	-110.000000	-0.593315	-4.056475	4.099635	1
120.000000	-110.000000	-0.543315	-4.159789	4.195121	1
130.000000	-110.000000	-0.573315	-4.243104	4.281661	1
140.000000	-110.000000	-0.563315	-4.376419	4.412523	1
150.000000	-110.000000	-0.553315	-4.519733	4.553476	1
160.000000	-110.000000	-0.543315	-4.613048	4.644933	1
170.000000	-110.000000	-0.573315	-4.746363	4.780863	1
180.000000	-110.000000	-0.593315	-4.869677	4.905688	1
190.000000	-110.000000	-0.633315	-4.982992	5.023076	1
200.000000	-110.000000	-0.633315	-5.106307	5.145430	1
210.000000	-110.000000	-0.703315	-5.269621	5.316348	1
220.000000	-110.000000	-0.753315	-5.442936	5.494819	1
230.000000	-110.000000	-0.743315	-5.516251	5.566106	1
240.000000	-110.000000	-0.773315	-5.559565	5.613090	1
250.000000	-110.000000	-0.873315	-5.602880	5.670533	1
-250.000000	-100.000000	0.217222	0.140000	0.258429	1
-240.000000	-100.000000	0.147222	-0.015148	0.147999	1
-230.000000	-100.000000	0.127222	-0.170296	0.212571	1
-220.000000	-100.000000	0.137222	-0.345444	0.371701	1
-210.000000	-100.000000	0.117222	-0.500593	0.514134	1
-200.000000	-100.000000	0.077222	-0.645741	0.650342	1
-190.000000	-100.000000	0.037222	-0.740889	0.741823	1
-180.000000	-100.000000	0.007222	-0.846037	0.846068	1
-170.000000	-100.000000	-0.002778	-1.001185	1.001189	1
-160.000000	-100.000000	0.047222	-1.136333	1.137314	1
-150.000000	-100.000000	-0.002778	-1.261481	1.261484	1
-140.000000	-100.000000	-0.042778	-1.416629	1.417275	1
-130.000000	-100.000000	-0.032778	-1.581778	1.582117	1
-120.000000	-100.000000	-0.082778	-1.706926	1.708932	1
-110.000000	-100.000000	-0.062778	-1.792074	1.793173	1
-100.000000	-100.000000	-0.146389	-1.947044	1.952540	2
-90.000000	-100.000000	-0.226389	-1.996276	2.009072	2
-80.000000	-100.000000	-0.216389	-2.075507	2.086757	2
-70.000000	-100.000000	-0.206389	-2.224738	2.234291	2
-60.000000	-100.000000	-0.286389	-2.303970	2.321701	2
-50.000000	-100.000000	-0.371389	-2.443201	2.471267	2
-40.000000	-100.000000	-0.326389	-2.537433	2.558338	2
-30.000000	-100.000000	-0.361389	-2.626664	2.651408	2
-20.000000	-100.000000	-0.321389	-2.735895	2.754708	2
-10.000000	-100.000000	-0.296389	-2.825127	2.840632	2
0.000000	-100.000000	-0.316389	-2.904358	2.921540	2
10.000000	-100.000000	-0.351389	-3.003590	3.024074	2
20.000000	-100.000000	-0.381389	-3.087821	3.111285	2
30.000000	-100.000000	-0.396389	-3.197052	3.221532	2
40.000000	-100.000000	-0.346389	-3.296284	3.314434	2
50.000000	-100.000000	-0.426389	-3.400515	3.427143	2
60.000000	-100.000000	-0.346389	-3.514747	3.531774	2
70.000000	-100.000000	-0.321389	-3.638978	3.653143	2
80.000000	-100.000000	-0.386389	-3.798209	3.817812	2
90.000000	-100.000000	-0.446389	-3.902441	3.927888	2
100.000000	-100.000000	-0.546389	-3.991672	4.028894	2
110.000000	-100.000000	-0.620000	-4.156475	4.202461	1
120.000000	-100.000000	-0.540000	-4.249789	4.283959	1
130.000000	-100.000000	-0.580000	-4.303104	4.342016	1
140.000000	-100.000000	-0.600000	-4.426419	4.466898	1
150.000000	-100.000000	-0.570000	-4.589733	4.624992	1
160.000000	-100.000000	-0.580000	-4.723048	4.758527	1
170.000000	-100.000000	-0.590000	-4.826363	4.862291	1
180.000000	-100.000000	-0.630000	-4.949677	4.989610	1
190.000000	-100.000000	-0.640000	-5.052992	5.093361	1
200.000000	-100.000000	-0.670000	-5.176307	5.219487	1
210.000000	-100.000000	-0.680000	-5.349621	5.392666	1
220.000000	-100.000000	-0.690000	-5.502936	5.546026	1
230.000000	-100.000000	-0.740000	-5.556251	5.605312	1
240.000000	-100.000000	-0.810000	-5.609565	5.667744	1
250.000000	-100.000000	-0.940000	-5.652880	5.730502	1
-250.000000	-90.000000	0.182370	0.180000	0.256240	1
-240.000000	-90.000000	0.152370	0.024852	0.154383	1
-230.000000	-90.000000	0.162370	-0.140296	0.214586	1
-220.000000	-90.000000	0.152370	-0.325444	0.359348	1
-210.000000	-90.000000	0.112370	-0.480593	0.493555	1
-200.000000	-90.000000	0.032370	-0.605741	0.606605	1
-190.000000	-90.000000	0.042370	-0.700889	0.702168	1
-180.000000	-90.000000	0.022370	-0.836037	0.836336	1
-170.000000	-90.000000	0.012370	-0.941185	0.941266	1
-160.000000	-90.000000	0.092370	-1.086333	1.090253	1
-150.000000	-90.000000	0.052370	-1.171481	1.172651	1
-140.000000	-90.000000	0.022370	-1.316629	1.316819	1
-130.000000	-90.000000	0.002370	-1.511778	1.511779	1
-120.000000	-90.000000	-0.087630	-1.596926	1.599328	1
-110.000000	-90.000000	-0.077630	-1.702074	1.703843	1
-100.000000	-90.000000	-0.147158	-1.847044	1.852897	2
-90.000000	-90.000000	-0.232158	-1.901276	1.915397	2
-80.000000	-90.000000	-0.207158	-1.975507	1.986339	2
-70.000000	-90.000000	-0.172158	-2.094738	2.101801	2
-60.000000	-90.000000	-0.212158	-2.233970	2.244021	2
-50.000000	-90.000000	-0.307158	-2.358201	2.378121	2
-40.000000	-90.000000	-0.272158	-2.477433	2.492337	2
-30.000000	-90.000000	-0.297158	-2.551664	2.568909	2
-20.000000	-90.000000	-0.282158	-2.620895	2.636040	2
-10.000000	-90.000000	-0.287158	-2.725127	2.740215	2
0.000000	-90.000000	-0.342158	-2.829358	2.849972	2
10.000000	-90.000000	-0.382158	-2.898590	2.923673	2
20.000000	-90.000000	-0.432158	-2.982821	3.013964	2
30.000000	-90.000000	-0.447158	-3.107052	3.139064	2
40.000000	-90.000000	-0.397158	-3.206284	3.230788	2
50.000000	-90.000000	-0.467158	-3.320515	3.353216	2
60.000000	-90.000000	-0.362158	-3.469747	3.488596	2
70.000000	-90.000000	-0.337158	-3.603978	3.619714	2
80.000000	-90.000000	-0.402158	-3.723209	3.744866	2
90.000000	-90.000000	-0.457158	-3.822441	3.849681	2
100.000000	-90.000000	-0.507158	-3.926672	3.959288	2
110.000000	-90.000000	-0.516685	-4.036475	4.069409	1
120.000000	-90.000000	-0.486685	-4.149789	4.178231	1
130.000000	-90.000000	-0.486685	-4.273104	4.300730	1
140.000000	-90.000000	-0.486685	-4.406419	4.433214	1
150.000000	-90.000000	-0.546685	-4.549733	4.582460	1
160.000000	-90.000000	-0.546685	-4.693048	4.724782	1
170.000000	-90.000000	-0.516685	-4.796363	4.824112	1
180.000000	-90.000000	-0.566685	-4.909677	4.942273	1
190.000000	-90.000000	-0.616685	-5.012992	5.050781	1
200.000000	-90.000000	-0.656685	-5.146307	5.188035	1
210.000000	-90.000000	-0.696685	-5.329621	5.374963	1
220.000000	-90.000000	-0.726685	-5.492936	5.540796	1
230.000000	-90.000000	-0.766685	-5.546251	5.598991	1
240.000000	-90.000000	-0.836685	-5.589565	5.651839	1
250.000000	-90.000000	-0.966685	-5.622880	5.705371	1
-250.000000	-80.000000	0.097518	0.140000	0.170616	1
-240.000000	-80.000000	0.077518	-0.045148	0.089707	1
-230.000000	-80.000000	0.127518	-0.220296	0.254541	1
-220.000000	-80.000000	0.147518	-0.405444	0.431447	1
-210.000000	-80.000000	0.097518	-0.490593	0.500191	1
-200.000000	-80.000000	0.087518	-0.585741	0.592243	1
-190.000000	-80.000000	0.077518	-0.680889	0.685287	1
-180.000000	-80.000000	0.027518	-0.836037	0.836490	1
-170.000000	-80.000000	0.017518	-0.981185	0.981341	1
-160.000000	-80.000000	0.067518	-1.146333	1.148320	1
-150.000000	-80.000000	0.067518	-1.301481	1.303231	1
-140.000000	-80.000000	0.027518	-1.456629	1.456889	1
-130.000000	-80.000000	-0.012482	-1.591778	1.591826	1
-120.000000	-80.000000	-0.062482	-1.666926	1.668096	1
-110.000000	-80.000000	-0.052482	-1.732074	1.732869	1
-100.000000	-80.000000	-0.152926	-1.797044	1.803539	2
-90.000000	-80.000000	-0.227926	-1.841276	1.855329	2
-80.000000	-80.000000	-0.187926	-1.965507	1.974471	2
-70.000000	-80.000000	-0.152926	-2.084738	2.090340	2
-60.000000	-80.000000	-0.192926	-2.183970	2.192475	2
-50.000000	-80.000000	-0.282926	-2.273201	2.290740	2
-40.000000	-80.000000	-0.252926	-2.387433	2.400793	2
-30.000000	-80.000000	-0.292926	-2.506664	2.523722	2
-20.000000	-80.000000	-0.267926	-2.600895	2.614659	2
-10.000000	-80.000000	-0.267926	-2.700127	2.713387	2
0.000000	-80.000000	-0.292926	-2.794358	2.809670	2
10.000000	-80.000000	-0.332926	-2.898590	2.917647	2
20.000000	-80.000000	-0.372926	-3.017821	3.040776	2
30.000000	-80.000000	-0.392926	-3.097052	3.121878	2
40.000000	-80.000000	-0.337926	-3.241284	3.258852	2
50.000000	-80.000000	-0.437926	-3.360515	3.388929	2
60.000000	-80.000000	-0.352926	-3.484747	3.502573	2
70.000000	-80.000000	-0.297926	-3.638978	3.651153	2
80.000000	-80.000000	-0.372926	-3.758209	3.776667	2
90.000000	-80.000000	-0.432926	-3.852441	3.876690	2
100.000000	-80.000000	-0.512926	-3.981672	4.014574	2
110.000000	-80.000000	-0.633371	-4.076475	4.125385	1
120.000000	-80.000000	-0.603371	-4.169789	4.213217	1
130.000000	-80.000000	-0.603371	-4.283104	4.325394	1
140.000000	-80.000000	-0.553371	-4.386419	4.421186	1
150.000000	-80.000000	-0.553371	-4.519733	4.553483	1
160.000000	-80.000000	-0.493371	-4.653048	4.679131	1
170.000000	-80.000000	-0.483371	-4.776363	4.800759	1
180.000000	-80.000000	-0.543371	-4.889677	4.919776	1
190.000000	-80.000000	-0.563371	-5.002992	5.034612	1
200.000000	-80.000000	-0.563371	-5.136307	5.167111	1
210.000000	-80.000000	-0.643371	-5.309621	5.348458	1
220.000000	-80.000000	-0.663371	-5.462936	5.503065	1
230.000000	-80.000000	-0.733371	-5.536251	5.584613	1
240.000000	-80.000000	-0.743371	-5.579565	5.628867	1
250.000000	-80.000000	-0.883371	-5.612880	5.681968	1
-250.000000	-70.000000	0.342666	0.160000	0.378180	1
-240.000000	-70.000000	0.262666	0.064852	0.270554	1
-230.000000	-70.000000	0.222666	-0.050296	0.228276	1
-220.000000	-70.000000	0.162666	-0.215444	0.269957	1
-210.000000	-70.000000	0.102666	-0.380593	0.394197	1
-200.000000	-70.000000	0.082666	-0.525741	0.532200	1
-190.000000	-70.000000	0.072666	-0.660889	0.664872	1
-180.000000	-70.000000	0.072666	-0.766037	0.769476	1
-170.000000	-70.000000	0.062666	-0.891185	0.893386	1
-160.000000	-70.000000	0.112666	-1.036333	1.042439	1
-150.000000	-70.000000	0.092666	-1.181481	1.185110	1
-140.000000	-70.000000	0.102666	-1.336629	1.340566	1
-130.000000	-70.000000	0.062666	-1.451778	1.453129	1
-120.000000	-70.000000	0.012666	-1.536926	1.536978	1
-110.000000	-70.000000	0.042666	-1.562074	1.562656	1
-100.000000	-70.000000	-0.068695	-1.737044	1.738402	2
-90.000000	-70.000000	-0.163695	-1.861276	1.868460	2
-80.000000	-70.000000	-0.138695	-1.920507	1.925509	2
-70.000000	-70.000000	-0.123695	-2.074738	2.078422	2
-60.000000	-70.000000	-0.193695	-2.203970	2.212465	2
-50.000000	-70.000000	-0.278695	-2.328201	2.344822	2
-40.000000	-70.000000	-0.243695	-2.427433	2.439634	2
-30.000000	-70.000000	-0.278695	-2.541664	2.556898	2
-20.000000	-70.000000	-0.268695	-2.635895	2.649555	2
-10.000000	-70.000000	-0.258695	-2.740127	2.752311	2
0.000000	-70.000000	-0.293695	-2.864358	2.879376	2
10.000000	-70.000000	-0.338695	-2.958590	2.977913	2
20.000000	-70.000000	-0.373695	-3.052821	3.075608	2
30.000000	-70.000000	-0.368695	-3.132052	3.153678	2
40.000000	-70.000000	-0.313695	-3.206284	3.221593	2
50.000000	-70.000000	-0.408695	-3.315515	3.340610	2
60.000000	-70.000000	-0.338695	-3.439747	3.456381	2
70.000000	-70.000000	-0.308695	-3.533978	3.547435	2
80.000000	-70.000000	-0.383695	-3.698209	3.718061	2
90.000000	-70.000000	-0.428695	-3.792441	3.816594	2
100.000000	-70.000000	-0.488695	-3.906672	3.937120	2
110.000000	-70.000000	-0.570056	-4.016475	4.056727	1
120.000000	-70.000000	-0.530056	-4.139789	4.173585	1
130.000000	-70.000000	-0.530056	-4.253104	4.286007	1
140.000000	-70.000000	-0.510056	-4.386419	4.415974	1
150.000000	-70.000000	-0.560056	-4.489733	4.524529	1
160.000000	-70.000000	-0.530056	-4.613048	4.643401	1
170.000000	-70.000000	-0.550056	-4.716363	4.748330	1
180.000000	-70.000000	-0.600056	-4.859677	4.896583	1
190.000000	-70.000000	-0.630056	-4.962992	5.002825	1
200.000000	-70.000000	-0.650056	-5.086307	5.127679	1
210.000000	-70.000000	-0.700056	-5.259621	5.306005	1
220.000000	-70.000000	-0.710056	-5.422936	5.469224	1
230.000000	-70.000000	-0.750056	-5.496251	5.547193	1
240.000000	-70.000000	-0.800056	-5.529565	5.587144	1
250.000000	-70.000000	-0.910056	-5.562880	5.636828	1
-250.000000	-60.000000	0.227814	0.180000	0.290344	1
-240.000000	-60.000000	0.207814	0.064852	0.217698	1
-230.000000	-60.000000	0.177814	-0.110296	0.209244	1
-220.000000	-60.000000	0.167814	-0.285444	0.331120	1
-210.000000	-60.000000	0.117814	-0.420593	0.436782	1
-200.000000	-60.000000	0.107814	-0.555741	0.566102	1
-190.000000	-60.000000	0.097814	-0.650889	0.658197	1
-180.000000	-60.000000	0.047814	-0.786037	0.787490	1
-170.000000	-60.000000	0.047814	-0.941185	0.942399	1
-160.000000	-60.000000	0.087814	-1.056333	1.059977	1
-150.000000	-60.000000	0.067814	-1.171481	1.173442	1
-140.000000	-60.000000	0.047814	-1.306629	1.307504	1
-130.000000	-60.000000	0.017814	-1.441778	1.441888	1
-120.000000	-60.000000	-0.022186	-1.536926	1.537086	1
-110.000000	-60.000000	0.007814	-1.612074	1.612093	1
-100.000000	-60.000000	-0.099463	-1.767044	1.769841	2
-90.000000	-60.000000	-0.174463	-1.816276	1.824636	2
-80.000000	-60.000000	-0.174463	-1.900507	1.908498	2
-70.000000	-60.000000	-0.124463	-2.019738	2.023570	2
-60.000000	-60.000000	-0.189463	-2.128970	2.137384	2
-50.000000	-60.000000	-0.289463	-2.228201	2.246925	2
-40.000000	-60.000000	-0.239463	-2.322433	2.334745	2
-30.000000	-60.000000	-0.249463	-2.441664	2.454375	2
-20.000000	-60.000000	-0.264463	-2.555895	2.569541	2
-10.000000	-60.000000	-0.219463	-2.640127	2.649233	2
0.000000	-60.000000	-0.249463	-2.754358	2.765632	2
10.000000	-60.000000	-0.279463	-2.873590	2.887147	2
20.000000	-60.000000	-0.314463	-2.957821	2.974490	2
30.000000	-60.000000	-0.349463	-3.087052	3.106770	2
40.000000	-60.000000	-0.309463	-3.196284	3.211230	2
50.000000	-60.000000	-0.384463	-3.310515	3.332765	2
60.000000	-60.000000	-0.289463	-3.439747	3.451905	2
70.000000	-60.000000	-0.229463	-3.568978	3.576347	2
80.000000	-60.000000	-0.279463	-3.663209	3.673854	2
90.000000	-60.000000	-0.314463	-3.742441	3.755629	2
100.000000	-60.000000	-0.384463	-3.851672	3.870813	2
110.000000	-60.000000	-0.416741	-3.956475	3.978362	1
120.000000	-60.000000	-0.406741	-3.999789	4.020417	1
130.000000	-60.000000	-0.436741	-4.113104	4.136226	1
140.000000	-60.000000	-0.436741	-4.276419	4.298662	1
150.000000	-60.000000	-0.516741	-4.409733	4.439906	1
160.000000	-60.000000	-0.506741	-4.543048	4.571222	1
170.000000	-60.000000	-0.496741	-4.686363	4.712616	1
180.000000	-60.000000	-0.516741	-4.819677	4.847299	1
190.000000	-60.000000	-0.596741	-4.922992	4.959027	1
200.000000	-60.000000	-0.656741	-5.086307	5.128530	1
210.000000	-60.000000	-0.676741	-5.269621	5.312898	1
220.000000	-60.000000	-0.676741	-5.422936	5.464999	1
230.000000	-60.000000	-0.736741	-5.496251	5.545409	1
240.000000	-60.000000	-0.786741	-5.539565	5.595154	1
250.000000	-60.000000	-0.916741	-5.582880	5.657646	1
-250.000000	-50.000000	0.232963	0.180000	0.294400	1
-240.000000	-50.000000	0.152963	0.024852	0.154968	1
-230.000000	-50.000000	0.172963	-0.140296	0.222708	1
-220.000000	-50.000000	0.162963	-0.325444	0.363965	1
-210.000000	-50.000000	0.102963	-0.450593	0.462207	1
-200.000000	-50.000000	0.062963	-0.575741	0.579173	1
-190.000000	-50.000000	0.102963	-0.690889	0.698519	1
-180.000000	-50.000000	0.062963	-0.826037	0.828433	1
-170.000000	-50.000000	0.102963	-0.951185	0.956741	1
-160.000000	-50.000000	0.112963	-1.096333	1.102137	1
-150.000000	-50.000000	0.112963	-1.221481	1.226694	1
-140.000000	-50.000000	0.082963	-1.326629	1.329221	1
-130.000000	-50.000000	0.062963	-1.401778	1.403191	1
-120.000000	-50.000000	0.012963	-1.536926	1.536980	1
-110.000000	-50.000000	0.052963	-1.642074	1.642928	1
-100.000000	-50.000000	-0.030232	-1.782044	1.782301	2
-90.000000	-50.000000	-0.125232	-1.836276	1.840541	2
-80.000000	-50.000000	-0.125232	-1.945507	1.949533	2
-70.000000	-50.000000	-0.065232	-2.064738	2.065769	2
-60.000000	-50.000000	-0.095232	-2.128970	2.131099	2
-50.000000	-50.000000	-0.200232	-2.228201	2.237180	2
-40.000000	-50.000000	-0.145232	-2.362433	2.366893	2
-30.000000	-50.000000	-0.155232	-2.476664	2.481524	2
-20.000000	-50.000000	-0.160232	-2.530895	2.535963	2
-10.000000	-50.000000	-0.185232	-2.630127	2.636641	2
0.000000	-50.000000	-0.210232	-2.739358	2.747413	2
10.000000	-50.000000	-0.230232	-2.858590	2.867846	2
20.000000	-50.000000	-0.250232	-2.992821	3.003264	2
30.000000	-50.000000	-0.260232	-3.062052	3.073091	2
40.000000	-50.000000	-0.225232	-3.166284	3.174285	2
50.000000	-50.000000	-0.305232	-3.255515	3.269793	2
60.000000	-50.000000	-0.220232	-3.404747	3.411862	2
70.000000	-50.000000	-0.185232	-3.488978	3.493892	2
80.000000	-50.000000	-0.275232	-3.643209	3.653591	2
90.000000	-50.000000	-0.335232	-3.727441	3.742485	2
100.000000	-50.000000	-0.400232	-3.836672	3.857491	2
110.000000	-50.000000	-0.423427	-3.986475	4.008899	1
120.000000	-50.000000	-0.443427	-4.089789	4.113758	1
130.000000	-50.000000	-0.493427	-4.203104	4.231968	1
140.000000	-50.000000	-0.513427	-4.236419	4.267417	1
150.000000	-50.000000	-0.563427	-4.389733	4.425744	1
160.000000	-50.000000	-0.523427	-4.583048	4.612841	1
170.000000	-50.000000	-0.533427	-4.736363	4.766306	1
180.000000	-50.000000	-0.563427	-4.879677	4.912097	1
190.000000	-50.000000	-0.613427	-4.992992	5.030533	1
200.000000	-50.000000	-0.643427	-5.126307	5.166528	1
210.000000	-50.000000	-0.663427	-5.299621	5.340985	1
220.000000	-50.000000	-0.683427	-5.442936	5.485674	1
230.000000	-50.000000	-0.703427	-5.516251	5.560920	1
240.000000	-50.000000	-0.733427	-5.549565	5.597820	1
250.000000	-50.000000	-0.873427	-5.582880	5.650789	1
-250.000000	-40.000000	0.348111	0.140000	0.375208	1
-240.000000	-40.000000	0.298111	-0.005148	0.298155	1
-230.000000	-40.000000	0.278111	-0.150296	0.316124	1
-220.000000	-40.000000	0.238111	-0.335444	0.411363	1
-210.000000	-40.000000	0.178111	-0.460593	0.493831	1
-200.000000	-40.000000	0.118111	-0.615741	0.626966	1
-190.000000	-40.000000	0.088111	-0.690889	0.696485	1
-180.000000	-40.000000	0.058111	-0.806037	0.808129	1
-170.000000	-40.000000	0.088111	-0.931185	0.935344	1
-160.000000	-40.000000	0.148111	-1.066333	1.076570	1
-150.000000	-40.000000	0.148111	-1.191481	1.200652	1
-140.000000	-40.000000	0.098111	-1.346629	1.350199	1
-130.000000	-40.000000	0.018111	-1.431778	1.431892	1
-120.000000	-40.000000	-0.011889	-1.486926	1.486973	1
-110.000000	-40.000000	-0.011889	-1.532074	1.532120	1
-100.000000	-40.000000	-0.056001	-1.752044	1.752939	2
-90.000000	-40.000000	-0.136001	-1.816276	1.821360	2
-80.000000	-40.000000	-0.156001	-1.910507	1.916866	2
-70.000000	-40.000000	-0.116001	-2.009738	2.013083	2
-60.000000	-40.000000	-0.141001	-2.123970	2.128645	2
-50.000000	-40.000000	-0.246001	-2.243201	2.256650	2
-40.000000	-40.000000	-0.201001	-2.382433	2.390897	2
-30.000000	-40.000000	-0.211001	-2.506664	2.515529	2
-20.000000	-40.000000	-0.171001	-2.590895	2.596532	2
-10.000000	-40.000000	-0.171001	-2.690127	2.695556	2
0.000000	-40.000000	-0.201001	-2.774358	2.781630	2
10.000000	-40.000000	-0.241001	-2.853590	2.863748	2
20.000000	-40.000000	-0.251001	-3.002821	3.013293	2
30.000000	-40.000000	-0.301001	-3.102052	3.116622	2
40.000000	-40.000000	-0.251001	-3.216284	3.226063	2
50.000000	-40.000000	-0.331001	-3.325515	3.341947	2
60.000000	-40.000000	-0.256001	-3.434747	3.444274	2
70.000000	-40.000000	-0.216001	-3.533978	3.540573	2
80.000000	-40.000000	-0.291001	-3.668209	3.679734	2
90.000000	-40.000000	-0.346001	-3.792441	3.808192	2
100.000000	-40.000000	-0.411001	-3.901672	3.923260	2
110.000000	-40.000000	-0.440112	-4.036475	4.060397	1
120.000000	-40.000000	-0.430112	-4.109789	4.132235	1
130.000000	-40.000000	-0.480112	-4.193104	4.220501	1
140.000000	-40.000000	-0.490112	-4.316419	4.344155	1
150.000000	-40.000000	-0.530112	-4.459733	4.491129	1
160.000000	-40.000000	-0.520112	-4.583048	4.612466	1
170.000000	-40.000000	-0.510112	-4.706363	4.733927	1
180.000000	-40.000000	-0.560112	-4.829677	4.862048	1
190.000000	-40.000000	-0.630112	-4.932992	4.973072	1
200.000000	-40.000000	-0.680112	-5.056307	5.101842	1
210.000000	-40.000000	-0.720112	-5.229621	5.278968	1
220.000000	-40.000000	-0.760112	-5.392936	5.446240	1
230.000000	-40.000000	-0.800112	-5.456251	5.514603	1
240.000000	-40.000000	-0.850112	-5.489565	5.554999	1
250.000000	-40.000000	-0.970112	-5.532880	5.617284	1
-250.000000	-30.000000	0.323259	0.100000	0.338373	1
-240.000000	-30.000000	0.333259	-0.085148	0.343965	1
-230.000000	-30.000000	0.253259	-0.260296	0.363172	1
-220.000000	-30.000000	0.203259	-0.435444	0.480548	1
-210.000000	-30.000000	0.163259	-0.570593	0.593489	1
-200.000000	-30.000000	0.173259	-0.705741	0.726697	1
-190.000000	-30.000000	0.203259	-0.830889	0.855389	1
-180.000000	-30.000000	0.143259	-0.926037	0.937053	1
-170.000000	-30.000000	0.143259	-1.071185	1.080722	1
-160.000000	-30.000000	0.193259	-1.176333	1.192103	1
-150.000000	-30.000000	0.193259	-1.291481	1.305861	1
-140.000000	-30.000000	0.163259	-1.396629	1.406139	1
-130.000000	-30.000000	0.093259	-1.501778	1.504670	1
-120.000000	-30.000000	0.043259	-1.596926	1.597511	1
-110.000000	-30.000000	0.053259	-1.652074	1.652932	1
-100.000000	-30.000000	-0.011769	-1.832044	1.832082	2
-90.000000	-30.000000	-0.076769	-1.836276	1.837880	2
-80.000000	-30.000000	-0.096769	-2.015507	2.017829	2
-70.000000	-30.000000	-0.051769	-2.114738	2.115372	2
-60.000000	-30.000000	-0.101769	-2.213970	2.216308	2
-50.000000	-30.000000	-0.176769	-2.298201	2.304989	2
-40.000000	-30.000000	-0.141769	-2.407433	2.411603	2
-30.000000	-30.000000	-0.176769	-2.506664	2.512889	2
-20.000000	-30.000000	-0.166769	-2.595895	2.601247	2
-10.000000	-30.000000	-0.181769	-2.680127	2.686284	2
0.000000	-30.000000	-0.181769	-2.769358	2.775317	2
10.000000	-30.000000	-0.226769	-2.838590	2.847633	2
20.000000	-30.000000	-0.261769	-2.917821	2.929540	2
30.000000	-30.000000	-0.251769	-3.052052	3.062419	2
40.000000	-30.000000	-0.201769	-3.186284	3.192666	2
50.000000	-30.000000	-0.276769	-3.305515	3.317082	2
60.000000	-30.000000	-0.186769	-3.404747	3.409865	2
70.000000	-30.000000	-0.186769	-3.523978	3.528924	2
80.000000	-30.000000	-0.266769	-3.683209	3.692858	2
90.000000	-30.000000	-0.316769	-3.777441	3.790699	2
100.000000	-30.000000	-0.391769	-3.866672	3.886468	2
110.000000	-30.000000	-0.426797	-3.996475	4.019200	1
120.000000	-30.000000	-0.426797	-4.109789	4.131891	1
130.000000	-30.000000	-0.466797	-4.233104	4.258764	1
140.000000	-30.000000	-0.426797	-4.306419	4.327516	1
150.000000	-30.000000	-0.466797	-4.429733	4.454260	1
160.000000	-30.000000	-0.476797	-4.573048	4.597837	1
170.000000	-30.000000	-0.416797	-4.686363	4.704861	1
180.000000	-30.000000	-0.486797	-4.799677	4.824300	1
190.000000	-30.000000	-0.586797	-4.922992	4.957840	1
200.000000	-30.000000	-0.646797	-5.066307	5.107427	1
210.000000	-30.000000	-0.676797	-5.229621	5.273234	1
220.000000	-30.000000	-0.706797	-5.392936	5.439055	1
230.000000	-30.000000	-0.726797	-5.466251	5.514357	1
240.000000	-30.000000	-0.766797	-5.509565	5.562669	1
250.000000	-30.000000	-0.876797	-5.532880	5.601922	1
-250.000000	-20.000000	0.388407	0.010000	0.388536	1
-240.000000	-20.000000	0.338407	-0.115148	0.357461	1
-230.000000	-20.000000	0.278407	-0.320296	0.424382	1
-220.000000	-20.000000	0.188407	-0.505444	0.539417	1
-210.000000	-20.000000	0.208407	-0.620593	0.654651	1
-200.000000	-20.000000	0.138407	-0.735741	0.748646	1
-190.000000	-20.000000	0.108407	-0.870889	0.877610	1
-180.000000	-20.000000	0.078407	-0.996037	0.999118	1
-170.000000	-20.000000	0.108407	-1.131185	1.136368	1
-160.000000	-20.000000	0.138407	-1.236333	1.244056	1
-150.000000	-20.000000	0.118407	-1.361481	1.366620	1
-140.000000	-20.000000	0.088407	-1.486629	1.489256	1
-130.000000	-20.000000	0.038407	-1.591778	1.592241	1
-120.000000	-20.000000	0.008407	-1.686926	1.686947	1
-110.000000	-20.000000	0.038407	-1.762074	1.762492	1
-100.000000	-20.000000	0.037462	-1.867044	1.867420	2
-90.000000	-20.000000	-0.027538	-1.936276	1.936471	2
-80.000000	-20.000000	-0.072538	-1.990507	1.991828	2
-70.000000	-20.000000	-0.032538	-2.104738	2.104990	2
-60.000000	-20.000000	-0.107538	-2.243970	2.246545	2
-50.000000	-20.000000	-0.197538	-2.358201	2.366460	2
-40.000000	-20.000000	-0.157538	-2.432433	2.437529	2
-30.000000	-20.000000	-0.202538	-2.546664	2.554705	2
-20.000000	-20.000000	-0.182538	-2.645895	2.652184	2
-10.000000	-20.000000	-0.192538	-2.730127	2.736908	2
0.000000	-20.000000	-0.177538	-2.814358	2.819952	2
10.000000	-20.000000	-0.192538	-2.893590	2.899988	2
20.000000	-20.000000	-0.222538	-2.997821	3.006069	2
30.000000	-20.000000	-0.232538	-3.072052	3.080841	2
40.000000	-20.000000	-0.197538	-3.181284	3.187411	2
50.000000	-20.000000	-0.297538	-3.315515	3.328839	2
60.000000	-20.000000	-0.202538	-3.424747	3.430730	2
70.000000	-20.000000	-0.157538	-3.483978	3.487538	2
80.000000	-20.000000	-0.247538	-3.653209	3.661586	2
90.000000	-20.000000	-0.322538	-3.807441	3.821078	2
100.000000	-20.000000	-0.417538	-3.886672	3.909035	2
110.000000	-20.000000	-0.433483	-3.936475	3.960270	1
120.000000	-20.000000	-0.393483	-4.079789	4.098720	1
130.000000	-20.000000	-0.413483	-4.153104	4.173636	1
140.000000	-20.000000	-0.433483	-4.296419	4.318231	1
150.000000	-20.000000	-0.483483	-4.449733	4.475922	1
160.000000	-20.000000	-0.513483	-4.583048	4.611723	1
170.000000	-20.000000	-0.533483	-4.686363	4.716630	1
180.000000	-20.000000	-0.603483	-4.809677	4.847390	1
190.000000	-20.000000	-0.663483	-4.912992	4.957590	1
200.000000	-20.000000	-0.693483	-5.036307	5.083827	1
210.000000	-20.000000	-0.693483	-5.209621	5.255575	1
220.000000	-20.000000	-0.723483	-5.372936	5.421427	1
230.000000	-20.000000	-0.783483	-5.436251	5.492419	1
240.000000	-20.000000	-0.823483	-5.469565	5.531208	1
250.000000	-20.000000	-0.923483	-5.512880	5.589693	1
-250.000000	-10.000000	0.383555	-0.020000	0.384076	1
-240.000000	-10.000000	0.373555	-0.135148	0.397251	1
-230.000000	-10.000000	0.323555	-0.310296	0.448299	1
-220.000000	-10.000000	0.293555	-0.485444	0.567301	1
-210.000000	-10.000000	0.243555	-0.600593	0.648098	1
-200.000000	-10.000000	0.203555	-0.755741	0.782674	1
-190.000000	-10.000000	0.233555	-0.890889	0.920994	1
-180.000000	-10.000000	0.183555	-1.016037	1.032484	1
-170.000000	-10.000000	0.183555	-1.101185	1.116378	1
-160.000000	-10.000000	0.213555	-1.196333	1.215244	1
-150.000000	-10.000000	0.163555	-1.321481	1.331564	1
-140.000000	-10.000000	0.123555	-1.486629	1.491755	1
-130.000000	-10.000000	0.053555	-1.641778	1.642651	1
-120.000000	-10.000000	-0.006445	-1.716926	1.716938	1
-110.000000	-10.000000	0.003555	-1.732074	1.732077	1
-100.000000	-10.000000	-0.018306	-1.837044	1.837135	2
-90.000000	-10.000000	-0.083306	-1.921276	1.923081	2
-80.000000	-10.000000	-0.113306	-2.040507	2.043650	2
-70.000000	-10.000000	-0.063306	-2.124738	2.125681	2
-60.000000	-10.000000	-0.118306	-2.243970	2.247086	2
-50.000000	-10.000000	-0.173306	-2.353201	2.359574	2
-40.000000	-10.000000	-0.148306	-2.447433	2.451922	2
-30.000000	-10.000000	-0.173306	-2.546664	2.552554	2
-20.000000	-10.000000	-0.183306	-2.635895	2.642262	2
-10.000000	-10.000000	-0.193306	-2.740127	2.746937	2
0.000000	-10.000000	-0.198306	-2.864358	2.871215	2
10.000000	-10.000000	-0.233306	-2.943590	2.952821	2
20.000000	-10.000000	-0.273306	-3.017821	3.030172	2
30.000000	-10.000000	-0.293306	-3.097052	3.110910	2
40.000000	-10.000000	-0.248306	-3.221284	3.230840	2
50.000000	-10.000000	-0.318306	-3.360515	3.375556	2
60.000000	-10.000000	-0.208306	-3.464747	3.471003	2
70.000000	-10.000000	-0.173306	-3.593978	3.598154	2
80.000000	-10.000000	-0.268306	-3.723209	3.732864	2
90.000000	-10.000000	-0.338306	-3.822441	3.837383	2
100.000000	-10.000000	-0.428306	-3.916672	3.940021	2
110.000000	-10.000000	-0.520168	-4.016475	4.050018	1
120.000000	-10.000000	-0.480168	-4.109789	4.137744	1
130.000000	-10.000000	-0.430168	-4.183104	4.205164	1
140.000000	-10.000000	-0.440168	-4.306419	4.328855	1
150.000000	-10.000000	-0.490168	-4.439733	4.466710	1
160.000000	-10.000000	-0.520168	-4.573048	4.602536	1
170.000000	-10.000000	-0.530168	-4.696363	4.726193	1
180.000000	-10.000000	-0.540168	-4.809677	4.839915	1
190.000000	-10.000000	-0.560168	-4.912992	4.944823	1
200.000000	-10.000000	-0.640168	-5.016307	5.056990	1
210.000000	-10.000000	-0.700168	-5.189621	5.236640	1
220.000000	-10.000000	-0.720168	-5.352936	5.401163	1
230.000000	-10.000000	-0.750168	-5.426251	5.477860	1
240.000000	-10.000000	-0.770168	-5.459565	5.513620	1
250.000000	-10.000000	-0.910168	-5.492880	5.567776	1
-250.000000	0.000000	0.458703	-0.090000	0.467449	1
-240.000000	0.000000	0.368703	-0.235148	0.437306	1
-230.000000	0.000000	0.378703	-0.400296	0.551047	1
-220.000000	0.000000	0.278703	-0.585444	0.648398	1
-210.000000	0.000000	0.238703	-0.690593	0.730683	1
-200.000000	0.000000	0.248703	-0.805741	0.843250	1
-190.000000	0.000000	0.258703	-0.910889	0.946914	1
-180.000000	0.000000	0.198703	-1.016037	1.035284	1
-170.000000	0.000000	0.228703	-1.131185	1.154073	1
-160.000000	0.000000	0.268703	-1.266333	1.294527	1
-150.000000	0.000000	0.228703	-1.361481	1.380557	1
-140.000000	0.000000	0.208703	-1.496629	1.511111	1
-130.000000	0.000000	0.148703	-1.581778	1.588752	1
-120.000000	0.000000	0.078703	-1.686926	1.688761	1
-110.000000	0.000000	0.078703	-1.762074	1.763831	1
-100.000000	0.000000	0.035925	-1.787044	1.787405	2
-90.000000	0.000000	-0.019075	-1.891276	1.891372	2
-80.000000	0.000000	-0.019075	-2.020507	2.020597	2
-70.000000	0.000000	0.005925	-2.129738	2.129747	2
-60.000000	0.000000	-0.069075	-2.263970	2.265023	2
-50.000000	0.000000	-0.139075	-2.368201	2.372281	2
-40.000000	0.000000	-0.094075	-2.472433	2.474222	2
-30.000000	0.000000	-0.134075	-2.561664	2.565170	2
-20.000000	0.000000	-0.134075	-2.645895	2.649290	2
-10.000000	0.000000	-0.129075	-2.730127	2.733176	2
0.000000	0.000000	-0.134075	-2.819358	2.822544	2
10.000000	0.000000	-0.164075	-2.903590	2.908222	2
20.000000	0.000000	-0.214075	-3.007821	3.015430	2
30.000000	0.000000	-0.254075	-3.142052	3.152308	2
40.000000	0.000000	-0.219075	-3.236284	3.243690	2
50.000000	0.000000	-0.319075	-3.345515	3.360696	2
60.000000	0.000000	-0.204075	-3.449747	3.455777	2
70.000000	0.000000	-0.174075	-3.548978	3.553245	2
80.000000	0.000000	-0.239075	-3.668209	3.675992	2
90.000000	0.000000	-0.284075	-3.747441	3.758193	2
100.000000	0.000000	-0.339075	-3.846672	3.861588	2
110.000000	0.000000	-0.436853	-3.966475	3.990459	1
120.000000	0.000000	-0.436853	-4.009789	4.033516	1
130.000000	0.000000	-0.486853	-4.123104	4.151748	1
140.000000	0.000000	-0.496853	-4.236419	4.265455	1
150.000000	0.000000	-0.526853	-4.379733	4.411308	1
160.000000	0.000000	-0.526853	-4.523048	4.553629	1
170.000000	0.000000	-0.566853	-4.656363	4.690739	1
180.000000	0.000000	-0.666853	-4.769677	4.816068	1
190.000000	0.000000	-0.686853	-4.872992	4.921160	1
200.000000	0.000000	-0.726853	-4.986307	5.039005	1
210.000000	0.000000	-0.726853	-5.149621	5.200665	1
220.000000	0.000000	-0.746853	-5.292936	5.345368	1
230.000000	0.000000	-0.786853	-5.346251	5.403844	1
240.000000	0.000000	-0.826853	-5.379565	5.442739	1
250.000000	0.000000	-0.926853	-5.412880	5.491660	1
-250.000000	10.000000	0.353851	-0.110000	0.370555	1
-240.000000	10.000000	0.333851	-0.265148	0.426333	1
-230.000000	10.000000	0.303851	-0.430296	0.526764	1
-220.000000	10.000000	0.253851	-0.595444	0.647298	1
-210.000000	10.000000	0.233851	-0.720593	0.757588	1
-200.000000	10.000000	0.213851	-0.835741	0.862667	1
-190.000000	10.000000	0.223851	-0.950889	0.976882	1
-180.000000	10.000000	0.173851	-1.066037	1.080120	1
-170.000000	10.000000	0.183851	-1.171185	1.185528	1
-160.000000	10.000000	0.233851	-1.296333	1.317257	1
-150.000000	10.000000	0.193851	-1.431481	1.444547	1
-140.000000	10.000000	0.173851	-1.536629	1.546433	1
-130.000000	10.000000	0.133851	-1.601778	1.607360	1
-120.000000	10.000000	0.083851	-1.676926	1.679021	1
-110.000000	10.000000	0.093851	-1.782074	1.784543	1
-100.000000	10.000000	0.070156	-1.867044	1.868362	2
-90.000000	10.000000	0.020156	-1.966276	1.966379	2
-80.000000	10.000000	-0.004844	-2.065507	2.065513	2
-70.000000	10.000000	0.015156	-2.169738	2.169791	2
-60.000000	10.000000	-0.049844	-2.248970	2.249522	2
-50.000000	10.000000	-0.114844	-2.338201	2.341020	2
-40.000000	10.000000	-0.074844	-2.457433	2.458572	2
-30.000000	10.000000	-0.109844	-2.551664	2.554027	2
-20.000000	10.000000	-0.114844	-2.660895	2.663373	2
-10.000000	10.000000	-0.129844	-2.750127	2.753190	2
0.000000	10.000000	-0.119844	-2.834358	2.836891	2
10.000000	10.000000	-0.164844	-2.913590	2.918249	2
20.000000	10.000000	-0.194844	-3.007821	3.014125	2
30.000000	10.000000	-0.224844	-3.102052	3.110190	2
40.000000	10.000000	-0.199844	-3.221284	3.227477	2
50.000000	10.000000	-0.294844	-3.370515	3.383387	2
60.000000	10.000000	-0.189844	-3.444747	3.449974	2
70.000000	10.000000	-0.149844	-3.558978	3.562131	2
80.000000	10.000000	-0.214844	-3.658209	3.664513	2
90.000000	10.000000	-0.269844	-3.772441	3.782079	2
100.000000	10.000000	-0.359844	-3.846672	3.863467	2
110.000000	10.000000	-0.413539	-3.896475	3.918358	1
120.000000	10.000000	-0.423539	-4.009789	4.032096	1
130.000000	10.000000	-0.483539	-4.113104	4.141429	1
140.000000	10.000000	-0.453539	-4.216419	4.240741	1
150.000000	10.000000	-0.483539	-4.349733	4.376527	1
160.000000	10.000000	-0.483539	-4.493048	4.518992	1
170.000000	10.000000	-0.533539	-4.596363	4.627225	1
180.000000	10.000000	-0.583539	-4.709677	4.745690	1
190.000000	10.000000	-0.633539	-4.812992	4.854509	1
200.000000	10.000000	-0.653539	-4.946307	4.989295	1
210.000000	10.000000	-0.663539	-5.099621	5.142608	1
220.000000	10.000000	-0.703539	-5.232936	5.280017	1
230.000000	10.000000	-0.743539	-5.306251	5.358091	1
240.000000	10.000000	-0.793539	-5.339565	5.398209	1
250.000000	10.000000	-0.903539	-5.382880	5.458184	1
-250.000000	20.000000	0.388999	-0.160000	0.420619	1
-240.000000	20.000000	0.338999	-0.325148	0.469725	1
-230.000000	20.000000	0.348999	-0.500296	0.609997	1
-220.000000	20.000000	0.298999	-0.655444	0.720422	1
-210.000000	20.000000	0.238999	-0.770593	0.806805	1
-200.000000	20.000000	0.228999	-0.825741	0.856906	1
-190.000000	20.000000	0.238999	-0.940889	0.970769	1
-180.000000	20.000000	0.188999	-1.026037	1.043299	1
-170.000000	20.000000	0.168999	-1.141185	1.153631	1
-160.000000	20.000000	0.198999	-1.256333	1.271996	1
-150.000000	20.000000	0.178999	-1.361481	1.373198	1
-140.000000	20.000000	0.148999	-1.516629	1.523931	1
-130.000000	20.000000	0.128999	-1.541778	1.547165	1
-120.000000	20.000000	0.088999	-1.646926	1.649329	1
-110.000000	20.000000	0.078999	-1.732074	1.733874	1
-100.000000	20.000000	0.009388	-1.882044	1.882068	2
-90.000000	20.000000	-0.040612	-1.971276	1.971694	2
-80.000000	20.000000	-0.055612	-2.060507	2.061257	2
-70.000000	20.000000	-0.005612	-2.099738	2.099746	2
-60.000000	20.000000	-0.070612	-2.183970	2.185111	2
-50.000000	20.000000	-0.160612	-2.278201	2.283856	2
-40.000000	20.000000	-0.120612	-2.427433	2.430427	2
-30.000000	20.000000	-0.185612	-2.516664	2.523499	2
-20.000000	20.000000	-0.180612	-2.640895	2.647064	2
-10.000000	20.000000	-0.160612	-2.730127	2.734847	2
0.000000	20.000000	-0.155612	-2.789358	2.793695	2
10.000000	20.000000	-0.190612	-2.873590	2.879905	2
20.000000	20.000000	-0.210612	-2.942821	2.950348	2
30.000000	20.000000	-0.230612	-3.007052	3.015882	2
40.000000	20.000000	-0.220612	-3.106284	3.114108	2
50.000000	20.000000	-0.315612	-3.235515	3.250872	2
60.000000	20.000000	-0.205612	-3.339747	3.346070	2
70.000000	20.000000	-0.150612	-3.453978	3.457260	2
80.000000	20.000000	-0.240612	-3.513209	3.521439	2
90.000000	20.000000	-0.310612	-3.627441	3.640715	2
100.000000	20.000000	-0.385612	-3.731672	3.751543	2
110.000000	20.000000	-0.450224	-3.846475	3.872734	1
120.000000	20.000000	-0.430224	-3.939789	3.963210	1
130.000000	20.000000	-0.480224	-4.003104	4.031806	1
140.000000	20.000000	-0.480224	-4.106419	4.134403	1
150.000000	20.000000	-0.520224	-4.249733	4.281456	1
160.000000	20.000000	-0.510224	-4.363048	4.392780	1
170.000000	20.000000	-0.540224	-4.466363	4.498915	1
180.000000	20.000000	-0.590224	-4.579677	4.617554	1
190.000000	20.000000	-0.630224	-4.702992	4.745031	1
200.000000	20.000000	-0.670224	-4.836307	4.882526	1
210.000000	20.000000	-0.690224	-4.999621	5.047041	1
220.000000	20.000000	-0.710224	-5.142936	5.191744	1
230.000000	20.000000	-0.750224	-5.196251	5.250129	1
240.000000	20.000000	-0.790224	-5.219565	5.279045	1
250.000000	20.000000	-0.880224	-5.242880	5.316257	1
-250.000000	30.000000	0.434148	-0.280000	0.516608	1
-240.000000	30.000000	0.394148	-0.415148	0.572451	1
-230.000000	30.000000	0.354148	-0.580296	0.679827	1
-220.000000	30.000000	0.344148	-0.755444	0.830141	1
-210.000000	30.000000	0.324148	-0.890593	0.947748	1
-200.000000	30.000000	0.314148	-1.025741	1.072769	1
-190.000000	30.000000	0.334148	-1.100889	1.150483	1
-180.000000	30.000000	0.254148	-1.196037	1.222741	1
-170.000000	30.000000	0.214148	-1.291185	1.308823	1
-160.000000	30.000000	0.224148	-1.406333	1.424084	1
-150.000000	30.000000	0.194148	-1.501481	1.513981	1
-140.000000	30.000000	0.184148	-1.616629	1.627084	1
-130.000000	30.000000	0.164148	-1.711778	1.719630	1
-120.000000	30.000000	0.124148	-1.796926	1.801209	1
-110.000000	30.000000	0.144148	-1.902074	1.907528	1
-100.000000	30.000000	0.103619	-1.922044	1.924835	2
-90.000000	30.000000	0.038619	-2.006276	2.006647	2
-80.000000	30.000000	0.018619	-2.085507	2.085590	2
-70.000000	30.000000	0.048619	-2.184738	2.185279	2
-60.000000	30.000000	-0.006381	-2.278970	2.278979	2
-50.000000	30.000000	-0.096381	-2.358201	2.360170	2
-40.000000	30.000000	-0.061381	-2.427433	2.428209	2
-30.000000	30.000000	-0.136381	-2.546664	2.550313	2
-20.000000	30.000000	-0.146381	-2.600895	2.605011	2
-10.000000	30.000000	-0.141381	-2.670127	2.673867	2
0.000000	30.000000	-0.156381	-2.739358	2.743818	2
10.000000	30.000000	-0.176381	-2.813590	2.819113	2
20.000000	30.000000	-0.216381	-2.912821	2.920847	2
30.000000	30.000000	-0.241381	-3.037052	3.046630	2
40.000000	30.000000	-0.241381	-3.151284	3.160515	2
50.000000	30.000000	-0.311381	-3.260515	3.275350	2
60.000000	30.000000	-0.206381	-3.359747	3.366079	2
70.000000	30.000000	-0.166381	-3.463978	3.467971	2
80.000000	30.000000	-0.256381	-3.568209	3.577408	2
90.000000	30.000000	-0.321381	-3.667441	3.681495	2
100.000000	30.000000	-0.361381	-3.746672	3.764060	2
110.000000	30.000000	-0.406909	-3.786475	3.808276	1
120.000000	30.000000	-0.386909	-3.899789	3.918935	1
130.000000	30.000000	-0.436909	-3.983104	4.006995	1
140.000000	30.000000	-0.466909	-4.086419	4.113006	1
150.000000	30.000000	-0.506909	-4.209733	4.240143	1
160.000000	30.000000	-0.496909	-4.373048	4.401189	1
170.000000	30.000000	-0.476909	-4.476363	4.501696	1
180.000000	30.000000	-0.526909	-4.579677	4.609889	1
190.000000	30.000000	-0.556909	-4.652992	4.686201	1
200.000000	30.000000	-0.596909	-4.766307	4.803538	1
210.000000	30.000000	-0.626909	-4.929621	4.969324	1
220.000000	30.000000	-0.656909	-5.062936	5.105375	1
230.000000	30.000000	-0.716909	-5.116251	5.166234	1
240.000000	30.000000	-0.746909	-5.139565	5.193554	1
250.000000	30.000000	-0.886909	-5.162880	5.238505	1
-250.000000	40.000000	0.379296	-0.430000	0.573381	1
-240.000000	40.000000	0.359296	-0.535148	0.644575	1
-230.000000	40.000000	0.349296	-0.680296	0.764729	1
-220.000000	40.000000	0.279296	-0.825444	0.871415	1
-210.000000	40.000000	0.269296	-0.930593	0.968774	1
-200.000000	40.000000	0.229296	-1.025741	1.051057	1
-190.000000	40.000000	0.249296	-1.100889	1.128762	1
-180.000000	40.000000	0.199296	-1.206037	1.222393	1
-170.000000	40.000000	0.209296	-1.331185	1.347538	1
-160.000000	40.000000	0.249296	-1.466333	1.487374	1
-150.000000	40.000000	0.219296	-1.561481	1.576805	1
-140.000000	40.000000	0.209296	-1.666629	1.679720	1
-130.000000	40.000000	0.169296	-1.771778	1.779847	1
-120.000000	40.000000	0.119296	-1.846926	1.850774	1
-110.000000	40.000000	0.139296	-1.892074	1.897194	1
-100.000000	40.000000	0.092850	-1.957044	1.959246	2
-90.000000	40.000000	0.027850	-2.036276	2.036466	2
-80.000000	40.000000	-0.012150	-2.140507	2.140542	2
-70.000000	40.000000	-0.007150	-2.214738	2.214750	2
-60.000000	40.000000	-0.052150	-2.278970	2.279566	2
-50.000000	40.000000	-0.137150	-2.368201	2.372169	2
-40.000000	40.000000	-0.102150	-2.472433	2.474542	2
-30.000000	40.000000	-0.152150	-2.551664	2.556196	2
-20.000000	40.000000	-0.132150	-2.565895	2.569296	2
-10.000000	40.000000	-0.127150	-2.635127	2.638193	2
0.000000	40.000000	-0.167150	-2.714358	2.719500	2
10.000000	40.000000	-0.207150	-2.793590	2.801259	2
20.000000	40.000000	-0.212150	-2.897821	2.905576	2
30.000000	40.000000	-0.202150	-2.987052	2.993885	2
40.000000	40.000000	-0.157150	-3.081284	3.085289	2
50.000000	40.000000	-0.292150	-3.165515	3.178968	2
60.000000	40.000000	-0.207150	-3.279747	3.286282	2
70.000000	40.000000	-0.177150	-3.373978	3.378625	2
80.000000	40.000000	-0.252150	-3.508209	3.517259	2
90.000000	40.000000	-0.297150	-3.647441	3.659525	2
100.000000	40.000000	-0.362150	-3.701672	3.719345	2
110.000000	40.000000	-0.413595	-3.756475	3.779175	1
120.000000	40.000000	-0.423595	-3.859789	3.882963	1
130.000000	40.000000	-0.453595	-3.963104	3.988977	1
140.000000	40.000000	-0.443595	-4.056419	4.080601	1
150.000000	40.000000	-0.503595	-4.149733	4.180179	1
160.000000	40.000000	-0.543595	-4.263048	4.297566	1
170.000000	40.000000	-0.523595	-4.366363	4.397644	1
180.000000	40.000000	-0.553595	-4.479677	4.513754	1
190.000000	40.000000	-0.563595	-4.562992	4.597666	1
200.000000	40.000000	-0.643595	-4.686307	4.730294	1
210.000000	40.000000	-0.663595	-4.849621	4.894812	1
220.000000	40.000000	-0.703595	-4.992936	5.042267	1
230.000000	40.000000	-0.733595	-5.016251	5.069609	1
240.000000	40.000000	-0.793595	-5.029565	5.091789	1
250.000000	40.000000	-0.913595	-5.062880	5.144648	1
-250.000000	50.000000	0.444444	-0.510000	0.676484	1
-240.000000	50.000000	0.434444	-0.665148	0.794458	1
-230.000000	50.000000	0.394444	-0.820296	0.910204	1
-220.000000	50.000000	0.294444	-0.975444	1.018916	1
-210.000000	50.000000	0.264444	-1.080593	1.112480	1
-200.000000	50.000000	0.244444	-1.185741	1.210675	1
-190.000000	50.000000	0.264444	-1.260889	1.288321	1
-180.000000	50.000000	0.234444	-1.336037	1.356451	1
-170.000000	50.000000	0.214444	-1.441185	1.457052	1
-160.000000	50.000000	0.244444	-1.556333	1.575413	1
-150.000000	50.000000	0.194444	-1.621481	1.633098	1
-140.000000	50.000000	0.154444	-1.716629	1.723563	1
-130.000000	50.000000	0.104444	-1.841778	1.844737	1
-120.000000	50.000000	0.034444	-1.966926	1.967227	1
-110.000000	50.000000	0.044444	-2.042074	2.042557	1
-100.000000	50.000000	0.012082	-2.092044	2.092079	2
-90.000000	50.000000	-0.042918	-2.156276	2.156703	2
-80.000000	50.000000	-0.037918	-2.225507	2.225830	2
-70.000000	50.000000	-0.017918	-2.294738	2.294808	2
-60.000000	50.000000	-0.067918	-2.353970	2.354949	2
-50.000000	50.000000	-0.132918	-2.473201	2.476770	2
-40.000000	50.000000	-0.097918	-2.537433	2.539321	2
-30.000000	50.000000	-0.147918	-2.596664	2.600874	2
-20.000000	50.000000	-0.132918	-2.685895	2.689182	2
-10.000000	50.000000	-0.137918	-2.725127	2.728615	2
0.000000	50.000000	-0.157918	-2.814358	2.818785	2
10.000000	50.000000	-0.192918	-2.878590	2.885047	2
20.000000	50.000000	-0.182918	-2.952821	2.958481	2
30.000000	50.000000	-0.207918	-3.067052	3.074092	2
40.000000	50.000000	-0.152918	-3.151284	3.154992	2
50.000000	50.000000	-0.252918	-3.240515	3.250370	2
60.000000	50.000000	-0.162918	-3.304747	3.308760	2
70.000000	50.000000	-0.142918	-3.398978	3.401981	2
80.000000	50.000000	-0.237918	-3.493209	3.501302	2
90.000000	50.000000	-0.302918	-3.567441	3.580278	2
100.000000	50.000000	-0.377918	-3.686672	3.705992	2
110.000000	50.000000	-0.360280	-3.776475	3.793621	1
120.000000	50.000000	-0.300280	-3.869789	3.881422	1
130.000000	50.000000	-0.340280	-3.973104	3.987649	1
140.000000	50.000000	-0.400280	-4.026419	4.046266	1
150.000000	50.000000	-0.450280	-4.129733	4.154209	1
160.000000	50.000000	-0.500280	-4.223048	4.252577	1
170.000000	50.000000	-0.520280	-4.306363	4.337678	1
180.000000	50.000000	-0.550280	-4.409677	4.443879	1
190.000000	50.000000	-0.580280	-4.482992	4.520392	1
200.000000	50.000000	-0.650280	-4.586307	4.632178	1
210.000000	50.000000	-0.680280	-4.749621	4.798092	1
220.000000	50.000000	-0.700280	-4.882936	4.932895	1
230.000000	50.000000	-0.750280	-4.896251	4.953402	1
240.000000	50.000000	-0.800280	-4.899565	4.964493	1
250.000000	50.000000	-0.900280	-4.922880	5.004523	1
-250.000000	60.000000	0.469592	-0.770000	0.901896	1
-240.000000	60.000000	0.429592	-0.855148	0.956989	1
-230.000000	60.000000	0.359592	-0.990296	1.053562	1
-220.000000	60.000000	0.329592	-1.115444	1.163120	1
-210.000000	60.000000	0.289592	-1.200593	1.235025	1
-200.000000	60.000000	0.219592	-1.335741	1.353670	1
-190.000000	60.000000	0.259592	-1.400889	1.424738	1
-180.000000	60.000000	0.199592	-1.516037	1.529119	1
-170.000000	60.000000	0.199592	-1.601185	1.613577	1
-160.000000	60.000000	0.239592	-1.686333	1.703269	1
-150.000000	60.000000	0.209592	-1.751481	1.763977	1
-140.000000	60.000000	0.179592	-1.856629	1.865295	1
-130.000000	60.000000	0.119592	-1.971778	1.975401	1
-120.000000	60.000000	0.059592	-2.086926	2.087776	1
-110.000000	60.000000	0.059592	-2.162074	2.162895	1
-100.000000	60.000000	-0.003687	-2.167044	2.167047	2
-90.000000	60.000000	-0.053687	-2.226276	2.226923	2
-80.000000	60.000000	-0.083687	-2.305507	2.307025	2
-70.000000	60.000000	-0.048687	-2.349738	2.350243	2
-60.000000	60.000000	-0.088687	-2.438970	2.440582	2
-50.000000	60.000000	-0.168687	-2.518201	2.523845	2
-40.000000	60.000000	-0.133687	-2.587433	2.590884	2
-30.000000	60.000000	-0.183687	-2.651664	2.658019	2
-20.000000	60.000000	-0.143687	-2.680895	2.684743	2
-10.000000	60.000000	-0.128687	-2.780127	2.783104	2
0.000000	60.000000	-0.163687	-2.829358	2.834089	2
10.000000	60.000000	-0.203687	-2.903590	2.910725	2
20.000000	60.000000	-0.218687	-3.002821	3.010774	2
30.000000	60.000000	-0.243687	-3.072052	3.081702	2
40.000000	60.000000	-0.213687	-3.156284	3.163509	2
50.000000	60.000000	-0.293687	-3.240515	3.253796	2
60.000000	60.000000	-0.178687	-3.344747	3.349516	2
70.000000	60.000000	-0.153687	-3.453978	3.457395	2
80.000000	60.000000	-0.268687	-3.563209	3.573325	2
90.000000	60.000000	-0.323687	-3.647441	3.661775	2
100.000000	60.000000	-0.388687	-3.736672	3.756833	2
110.000000	60.000000	-0.386965	-3.836475	3.855941	1
120.000000	60.000000	-0.396965	-3.909789	3.929890	1
130.000000	60.000000	-0.416965	-3.993104	4.014815	1
140.000000	60.000000	-0.416965	-4.026419	4.047951	1
150.000000	60.000000	-0.476965	-4.139733	4.167120	1
160.000000	60.000000	-0.506965	-4.223048	4.253369	1
170.000000	60.000000	-0.506965	-4.306363	4.336101	1
180.000000	60.000000	-0.546965	-4.409677	4.443470	1
190.000000	60.000000	-0.576965	-4.472992	4.510049	1
200.000000	60.000000	-0.636965	-4.576307	4.620423	1
210.000000	60.000000	-0.676965	-4.699621	4.748128	1
220.000000	60.000000	-0.726965	-4.822936	4.877416	1
230.000000	60.000000	-0.766965	-4.846251	4.906565	1
240.000000	60.000000	-0.806965	-4.849565	4.916246	1
250.000000	60.000000	-0.926965	-4.872880	4.960264	1
-250.000000	70.000000	0.404740	-0.890000	0.977709	1
-240.000000	70.000000	0.334740	-1.005148	1.059421	1
-230.000000	70.000000	0.264740	-1.120296	1.151152	1
-220.000000	70.000000	0.204740	-1.255444	1.272030	1
-210.000000	70.000000	0.204740	-1.350593	1.366023	1
-200.000000	70.000000	0.174740	-1.445741	1.456262	1
-190.000000	70.000000	0.194740	-1.530889	1.543225	1
-180.000000	70.000000	0.094740	-1.616037	1.618812	1
-170.000000	70.000000	0.074740	-1.681185	1.682846	1
-160.000000	70.000000	0.134740	-1.776333	1.781436	1
-150.000000	70.000000	0.124740	-1.851481	1.855679	1
-140.000000	70.000000	0.114740	-1.936629	1.940025	1
-130.000000	70.000000	0.074740	-2.011778	2.013165	1
-120.000000	70.000000	-0.005260	-2.086926	2.086932	1
-110.000000	70.000000	0.004740	-2.112074	2.112079	1
-100.000000	70.000000	-0.004455	-2.177044	2.177049	2
-90.000000	70.000000	-0.094455	-2.261276	2.263248	2
-80.000000	70.000000	-0.094455	-2.340507	2.342412	2
-70.000000	70.000000	-0.049455	-2.404738	2.405247	2
-60.000000	70.000000	-0.114455	-2.473970	2.476616	2
-50.000000	70.000000	-0.174455	-2.518201	2.524237	2
-40.000000	70.000000	-0.139455	-2.607433	2.611159	2
-30.000000	70.000000	-0.184455	-2.711664	2.717930	2
-20.000000	70.000000	-0.169455	-2.760895	2.766091	2
-10.000000	70.000000	-0.159455	-2.835127	2.839607	2
0.000000	70.000000	-0.174455	-2.889358	2.894620	2
10.000000	70.000000	-0.204455	-2.953590	2.960658	2
20.000000	70.000000	-0.234455	-3.057821	3.066796	2
30.000000	70.000000	-0.269455	-3.082052	3.093809	2
40.000000	70.000000	-0.239455	-3.141284	3.150397	2
50.000000	70.000000	-0.334455	-3.230515	3.247782	2
60.000000	70.000000	-0.229455	-3.294747	3.302727	2
70.000000	70.000000	-0.209455	-3.378978	3.385464	2
80.000000	70.000000	-0.284455	-3.478209	3.489822	2
90.000000	70.000000	-0.334455	-3.567441	3.583084	2
100.000000	70.000000	-0.414455	-3.651672	3.675117	2
110.000000	70.000000	-0.513651	-3.696475	3.731992	1
120.000000	70.000000	-0.503651	-3.799789	3.833023	1
130.000000	70.000000	-0.493651	-3.843104	3.874679	1
140.000000	70.000000	-0.493651	-3.926419	3.957329	1
150.000000	70.000000	-0.533651	-3.979733	4.015353	1
160.000000	70.000000	-0.513651	-4.093048	4.125152	1
170.000000	70.000000	-0.543651	-4.176363	4.211598	1
180.000000	70.000000	-0.603651	-4.269677	4.312138	1
190.000000	70.000000	-0.633651	-4.352992	4.398869	1
200.000000	70.000000	-0.673651	-4.456307	4.506936	1
210.000000	70.000000	-0.703651	-4.599621	4.653132	1
220.000000	70.000000	-0.733651	-4.722936	4.779578	1
230.000000	70.000000	-0.783651	-4.746251	4.810510	1
240.000000	70.000000	-0.843651	-4.739565	4.814065	1
250.000000	70.000000	-0.953651	-4.752880	4.847609	1
-250.000000	80.000000	0.359888	-0.990000	1.053385	1
-240.000000	80.000000	0.339888	-1.095148	1.146679	1
-230.000000	80.000000	0.329888	-1.230296	1.273756	1
-220.000000	80.000000	0.279888	-1.365444	1.393835	1
-210.000000	80.000000	0.239888	-1.450593	1.470294	1
-200.000000	80.000000	0.179888	-1.535741	1.546240	1
-190.000000	80.000000	0.189888	-1.600889	1.612111	1
-180.000000	80.000000	0.139888	-1.656037	1.661935	1
-170.000000	80.000000	0.129888	-1.701185	1.706136	1
-160.000000	80.000000	0.179888	-1.766333	1.775470	1
-150.000000	80.000000	0.139888	-1.841481	1.846787	1
-140.000000	80.000000	0.109888	-1.966629	1.969697	1
-130.000000	80.000000	0.049888	-2.061778	2.062381	1
-120.000000	80.000000	-0.040112	-2.066926	2.067315	1
-110.000000	80.000000	-0.020112	-2.102074	2.102170	1
-100.000000	80.000000	-0.050224	-2.142044	2.142633	2
-90.000000	80.000000	-0.130224	-2.216276	2.220098	2
-80.000000	80.000000	-0.140224	-2.290507	2.294795	2
-70.000000	80.000000	-0.110224	-2.369738	2.372300	2
-60.000000	80.000000	-0.180224	-2.418970	2.425674	2
-50.000000	80.000000	-0.270224	-2.498201	2.512773	2
-40.000000	80.000000	-0.235224	-2.577433	2.588144	2
-30.000000	80.000000	-0.275224	-2.651664	2.665909	2
-20.000000	80.000000	-0.250224	-2.735895	2.747314	2
-10.000000	80.000000	-0.245224	-2.780127	2.790921	2
0.000000	80.000000	-0.245224	-2.864358	2.874836	2
10.000000	80.000000	-0.270224	-2.948590	2.960946	2
20.000000	80.000000	-0.290224	-3.032821	3.046676	2
30.000000	80.000000	-0.305224	-3.092052	3.107081	2
40.000000	80.000000	-0.265224	-3.156284	3.167408	2
50.000000	80.000000	-0.365224	-3.220515	3.241158	2
60.000000	80.000000	-0.275224	-3.289747	3.301239	2
70.000000	80.000000	-0.260224	-3.398978	3.408925	2
80.000000	80.000000	-0.360224	-3.458209	3.476920	2
90.000000	80.000000	-0.440224	-3.487441	3.515116	2
100.000000	80.000000	-0.525224	-3.551672	3.590297	2
110.000000	80.000000	-0.530336	-3.606475	3.645259	1
120.000000	80.000000	-0.500336	-3.679789	3.713648	1
130.000000	80.000000	-0.520336	-3.723104	3.759289	1
140.000000	80.000000	-0.530336	-3.776419	3.813475	1
150.000000	80.000000	-0.560336	-3.889733	3.929886	1
160.000000	80.000000	-0.580336	-3.993048	4.035000	1
170.000000	80.000000	-0.640336	-4.076363	4.126350	1
180.000000	80.000000	-0.720336	-4.159677	4.221587	1
190.000000	80.000000	-0.750336	-4.222992	4.289133	1
200.000000	80.000000	-0.790336	-4.296307	4.368396	1
210.000000	80.000000	-0.840336	-4.389621	4.469333	1
220.000000	80.000000	-0.860336	-4.492936	4.574566	1
230.000000	80.000000	-0.910336	-4.546251	4.636497	1
240.000000	80.000000	-0.960336	-4.579565	4.679173	1
250.000000	80.000000	-1.050336	-4.612880	4.730948	1
-250.000000	90.000000	0.265036	-1.150000	1.180146	1
-240.000000	90.000000	0.195036	-1.295148	1.309751	1
-230.000000	90.000000	0.135036	-1.410296	1.416746	1
-220.000000	90.000000	0.105036	-1.535444	1.539033	1
-210.000000	90.000000	0.115036	-1.620593	1.624670	1
-200.000000	90.000000	0.085036	-1.675741	1.677897	1
-190.000000	90.000000	0.075036	-1.750889	1.752496	1
-180.000000	90.000000	0.015036	-1.866037	1.866097	1
-170.000000	90.000000	-0.024964	-1.931185	1.931346	1
-160.000000	90.000000	0.015036	-1.996333	1.996390	1
-150.000000	90.000000	0.015036	-2.071481	2.071536	1
-140.000000	90.000000	-0.014964	-2.146629	2.146682	1
-130.000000	90.000000	-0.054964	-2.181778	2.182470	1
-120.000000	90.000000	-0.124964	-2.256926	2.260383	1
-110.000000	90.000000	-0.094964	-2.332074	2.334006	1
-100.000000	90.000000	-0.130993	-2.322044	2.325736	2
-90.000000	90.000000	-0.220993	-2.396276	2.406444	2
-80.000000	90.000000	-0.220993	-2.440507	2.450492	2
-70.000000	90.000000	-0.180993	-2.504738	2.511269	2
-60.000000	90.000000	-0.275993	-2.578970	2.593696	2
-50.000000	90.000000	-0.340993	-2.638201	2.660147	2
-40.000000	90.000000	-0.290993	-2.677433	2.693199	2
-30.000000	90.000000	-0.340993	-2.706664	2.728059	2
-20.000000	90.000000	-0.315993	-2.755895	2.773952	2
-10.000000	90.000000	-0.300993	-2.835127	2.851060	2
0.000000	90.000000	-0.295993	-2.879358	2.894532	2
10.000000	90.000000	-0.320993	-2.878590	2.896431	2
20.000000	90.000000	-0.350993	-2.952821	2.973609	2
30.000000	90.000000	-0.390993	-2.972052	2.997661	2
40.000000	90.000000	-0.355993	-3.046284	3.067014	2
50.000000	90.000000	-0.445993	-3.160515	3.191828	2
60.000000	90.000000	-0.350993	-3.254747	3.273617	2
70.000000	90.000000	-0.345993	-3.338978	3.356856	2
80.000000	90.000000	-0.415993	-3.418209	3.443429	2
90.000000	90.000000	-0.470993	-3.467441	3.499283	2
100.000000	90.000000	-0.555993	-3.516672	3.560353	2
110.000000	90.000000	-0.547021	-3.506475	3.548887	1
120.000000	90.000000	-0.497021	-3.679789	3.713203	1
130.000000	90.000000	-0.487021	-3.723104	3.754823	1
140.000000	90.000000	-0.507021	-3.806419	3.840038	1
150.000000	90.000000	-0.557021	-3.859733	3.899720	1
160.000000	90.000000	-0.577021	-3.953048	3.994939	1
170.000000	90.000000	-0.597021	-4.016363	4.060493	1
180.000000	90.000000	-0.627021	-4.089677	4.137465	1
190.000000	90.000000	-0.677021	-4.142992	4.197945	1
200.000000	90.000000	-0.717021	-4.236307	4.296558	1
210.000000	90.000000	-0.767021	-4.369621	4.436430	1
220.000000	90.000000	-0.807021	-4.482936	4.554997	1
230.000000	90.000000	-0.837021	-4.496251	4.573497	1
240.000000	90.000000	-0.907021	-4.469565	4.560669	1
250.000000	90.000000	-1.007021	-4.472880	4.584839	1
-250.000000	100.000000	0.060184	-1.260000	1.261437	1
-240.000000	100.000000	0.020184	-1.365148	1.365297	1
-230.000000	100.000000	-0.009816	-1.490296	1.490329	1
-220.000000	100.000000	-0.009816	-1.615444	1.615474	1
-210.000000	100.000000	-0.039816	-1.700593	1.701059	1
-200.000000	100.000000	-0.059816	-1.755741	1.756759	1
-190.000000	100.000000	-0.029816	-1.810889	1.811134	1
-180.000000	100.000000	-0.079816	-1.876037	1.877734	1
-170.000000	100.000000	-0.069816	-1.931185	1.932447	1
-160.000000	100.000000	-0.039816	-1.986333	1.986732	1
-150.000000	100.000000	-0.059816	-2.051481	2.052353	1
-140.000000	100.000000	-0.089816	-2.146629	2.148508	1
-130.000000	100.000000	-0.149816	-2.201778	2.206869	1
-120.000000	100.000000	-0.199816	-2.236926	2.245832	1
-110.000000	100.000000	-0.189816	-2.282074	2.289954	1
-100.000000	100.000000	-0.231761	-2.357044	2.368411	2
-90.000000	100.000000	-0.306761	-2.391276	2.410872	2
-80.000000	100.000000	-0.286761	-2.415507	2.432469	2
-70.000000	100.000000	-0.276761	-2.484738	2.500104	2
-60.000000	100.000000	-0.341761	-2.543970	2.566824	2
-50.000000	100.000000	-0.406761	-2.608201	2.639729	2
-40.000000	100.000000	-0.356761	-2.657433	2.681273	2
-30.000000	100.000000	-0.386761	-2.701664	2.729207	2
-20.000000	100.000000	-0.366761	-2.730895	2.755413	2
-10.000000	100.000000	-0.346761	-2.800127	2.821516	2
0.000000	100.000000	-0.356761	-2.869358	2.891452	2
10.000000	100.000000	-0.396761	-2.903590	2.930572	2
20.000000	100.000000	-0.436761	-2.922821	2.955274	2
30.000000	100.000000	-0.451761	-2.957052	2.991362	2
40.000000	100.000000	-0.396761	-3.021284	3.047224	2
50.000000	100.000000	-0.481761	-3.075515	3.113019	2
60.000000	100.000000	-0.386761	-3.149747	3.173403	2
70.000000	100.000000	-0.371761	-3.228978	3.250308	2
80.000000	100.000000	-0.451761	-3.373209	3.403326	2
90.000000	100.000000	-0.481761	-3.412441	3.446280	2
100.000000	100.000000	-0.556761	-3.466672	3.511097	2
110.000000	100.000000	-0.603707	-3.486475	3.538356	1
120.000000	100.000000	-0.593707	-3.539789	3.589233	1
130.000000	100.000000	-0.653707	-3.613104	3.671764	1
140.000000	100.000000	-0.683707	-3.696419	3.759118	1
150.000000	100.000000	-0.713707	-3.769733	3.836700	1
160.000000	100.000000	-0.713707	-3.873048	3.938258	1
170.000000	100.000000	-0.733707	-3.936363	4.004157	1
180.000000	100.000000	-0.783707	-4.009677	4.085549	1
190.000000	100.000000	-0.823707	-4.072992	4.155449	1
200.000000	100.000000	-0.863707	-4.156307	4.245100	1
210.000000	100.000000	-0.853707	-4.279621	4.363940	1
220.000000	100.000000	-0.883707	-4.382936	4.471137	1
230.000000	100.000000	-0.923707	-4.386251	4.482458	1
240.000000	100.000000	-0.953707	-4.389565	4.491975	1
250.000000	100.000000	-1.063707	-4.412880	4.539271	1
