%SerialNumber: 642583-1-1
%Ax1Name: Y; Ax1Num: 1; Ax1Sign: 1; Ax1Slave: 0
%Ax2Name: X; Ax2Num: 3; Ax2Sign: 1; Ax2Slave: 0
%UserUnits: MM
%Operator: BJL; Model: PlanarHD-500-500-ES20058; AirTemp: 21.24; MatTemp: 21.39; expandCoef: 0.0; Comment: 2D Calibration Zone2
% Ax1TestLoc Ax2TestLoc Ax1CmdPos Ax2CmdPos Ax1RelErr Ax2RelErr
%
1.0	1.0	-100.000000	-250.000000	0.001420	0.000320
2.0	1.0	-90.000000	-250.000000	0.001350	0.000260
3.0	1.0	-80.000000	-250.000000	0.001390	0.000240
4.0	1.0	-70.000000	-250.000000	0.001430	0.000190
5.0	1.0	-60.000000	-250.000000	0.001350	0.000190
6.0	1.0	-50.000000	-250.000000	0.001310	0.000140
7.0	1.0	-40.000000	-250.000000	0.001380	0.000140
8.0	1.0	-30.000000	-250.000000	0.001370	0.000080
9.0	1.0	-20.000000	-250.000000	0.001370	0.000020
10.0	1.0	-10.000000	-250.000000	0.001370	0.000000
11.0	1.0	0.000000	-250.000000	0.001420	-0.000040
12.0	1.0	10.000000	-250.000000	0.001450	-0.000090
13.0	1.0	20.000000	-250.000000	0.001390	-0.000110
14.0	1.0	30.000000	-250.000000	0.001290	-0.000160
15.0	1.0	40.000000	-250.000000	0.001310	-0.000200
16.0	1.0	50.000000	-250.000000	0.001170	-0.000260
17.0	1.0	60.000000	-250.000000	0.001300	-0.000300
18.0	1.0	70.000000	-250.000000	0.001350	-0.000350
19.0	1.0	80.000000	-250.000000	0.001300	-0.000460
20.0	1.0	90.000000	-250.000000	0.001230	-0.000520
21.0	1.0	100.000000	-250.000000	0.001190	-0.000600
22.0	1.0	110.000000	-250.000000	0.001110	-0.000580
23.0	1.0	120.000000	-250.000000	0.001140	-0.000600
24.0	1.0	130.000000	-250.000000	0.001180	-0.000650
25.0	1.0	140.000000	-250.000000	0.001220	-0.000710
26.0	1.0	150.000000	-250.000000	0.001160	-0.000810
27.0	1.0	160.000000	-250.000000	0.001180	-0.000870
28.0	1.0	170.000000	-250.000000	0.001180	-0.000930
29.0	1.0	180.000000	-250.000000	0.001170	-0.000990
30.0	1.0	190.000000	-250.000000	0.001080	-0.001020
31.0	1.0	200.000000	-250.000000	0.001050	-0.001080
32.0	1.0	210.000000	-250.000000	0.001050	-0.001200
33.0	1.0	220.000000	-250.000000	0.001010	-0.001320
34.0	1.0	230.000000	-250.000000	0.000980	-0.001290
35.0	1.0	240.000000	-250.000000	0.000970	-0.001250
36.0	1.0	250.000000	-250.000000	0.000890	-0.001230
1.0	2.0	-100.000000	-240.000000	0.001300	0.000270
2.0	2.0	-90.000000	-240.000000	0.001230	0.000300
3.0	2.0	-80.000000	-240.000000	0.001250	0.000240
4.0	2.0	-70.000000	-240.000000	0.001290	0.000190
5.0	2.0	-60.000000	-240.000000	0.001230	0.000150
6.0	2.0	-50.000000	-240.000000	0.001160	0.000090
7.0	2.0	-40.000000	-240.000000	0.001200	0.000060
8.0	2.0	-30.000000	-240.000000	0.001180	0.000030
9.0	2.0	-20.000000	-240.000000	0.001170	0.000010
10.0	2.0	-10.000000	-240.000000	0.001180	0.000010
11.0	2.0	0.000000	-240.000000	0.001200	0.000000
12.0	2.0	10.000000	-240.000000	0.001160	-0.000010
13.0	2.0	20.000000	-240.000000	0.001110	-0.000060
14.0	2.0	30.000000	-240.000000	0.001070	-0.000110
15.0	2.0	40.000000	-240.000000	0.001120	-0.000150
16.0	2.0	50.000000	-240.000000	0.001010	-0.000200
17.0	2.0	60.000000	-240.000000	0.001100	-0.000240
18.0	2.0	70.000000	-240.000000	0.001160	-0.000280
19.0	2.0	80.000000	-240.000000	0.001110	-0.000340
20.0	2.0	90.000000	-240.000000	0.001060	-0.000380
21.0	2.0	100.000000	-240.000000	0.000990	-0.000440
22.0	2.0	110.000000	-240.000000	0.000970	-0.000530
23.0	2.0	120.000000	-240.000000	0.000990	-0.000540
24.0	2.0	130.000000	-240.000000	0.001000	-0.000570
25.0	2.0	140.000000	-240.000000	0.001020	-0.000600
26.0	2.0	150.000000	-240.000000	0.000980	-0.000700
27.0	2.0	160.000000	-240.000000	0.001000	-0.000770
28.0	2.0	170.000000	-240.000000	0.000990	-0.000850
29.0	2.0	180.000000	-240.000000	0.000960	-0.000920
30.0	2.0	190.000000	-240.000000	0.000950	-0.000970
31.0	2.0	200.000000	-240.000000	0.000950	-0.001040
32.0	2.0	210.000000	-240.000000	0.000940	-0.001180
33.0	2.0	220.000000	-240.000000	0.000940	-0.001280
34.0	2.0	230.000000	-240.000000	0.000910	-0.001300
35.0	2.0	240.000000	-240.000000	0.000890	-0.001270
36.0	2.0	250.000000	-240.000000	0.000870	-0.001250
1.0	3.0	-100.000000	-230.000000	0.001130	0.000270
2.0	3.0	-90.000000	-230.000000	0.001070	0.000310
3.0	3.0	-80.000000	-230.000000	0.001120	0.000260
4.0	3.0	-70.000000	-230.000000	0.001180	0.000210
5.0	3.0	-60.000000	-230.000000	0.001110	0.000120
6.0	3.0	-50.000000	-230.000000	0.001030	0.000050
7.0	3.0	-40.000000	-230.000000	0.001050	0.000000
8.0	3.0	-30.000000	-230.000000	0.001060	-0.000010
9.0	3.0	-20.000000	-230.000000	0.001060	-0.000040
10.0	3.0	-10.000000	-230.000000	0.001070	-0.000080
11.0	3.0	0.000000	-230.000000	0.001080	-0.000120
12.0	3.0	10.000000	-230.000000	0.001020	-0.000140
13.0	3.0	20.000000	-230.000000	0.001000	-0.000160
14.0	3.0	30.000000	-230.000000	0.000980	-0.000210
15.0	3.0	40.000000	-230.000000	0.001040	-0.000260
16.0	3.0	50.000000	-230.000000	0.000970	-0.000290
17.0	3.0	60.000000	-230.000000	0.001050	-0.000290
18.0	3.0	70.000000	-230.000000	0.001100	-0.000350
19.0	3.0	80.000000	-230.000000	0.001010	-0.000440
20.0	3.0	90.000000	-230.000000	0.000960	-0.000490
21.0	3.0	100.000000	-230.000000	0.000920	-0.000540
22.0	3.0	110.000000	-230.000000	0.000940	-0.000590
23.0	3.0	120.000000	-230.000000	0.001010	-0.000650
24.0	3.0	130.000000	-230.000000	0.001010	-0.000740
25.0	3.0	140.000000	-230.000000	0.001030	-0.000740
26.0	3.0	150.000000	-230.000000	0.000990	-0.000810
27.0	3.0	160.000000	-230.000000	0.000990	-0.000880
28.0	3.0	170.000000	-230.000000	0.000950	-0.000960
29.0	3.0	180.000000	-230.000000	0.000900	-0.001040
30.0	3.0	190.000000	-230.000000	0.000880	-0.001110
31.0	3.0	200.000000	-230.000000	0.000840	-0.001160
32.0	3.0	210.000000	-230.000000	0.000800	-0.001300
33.0	3.0	220.000000	-230.000000	0.000810	-0.001410
34.0	3.0	230.000000	-230.000000	0.000810	-0.001400
35.0	3.0	240.000000	-230.000000	0.000760	-0.001350
36.0	3.0	250.000000	-230.000000	0.000640	-0.001330
1.0	4.0	-100.000000	-220.000000	0.001090	0.000440
2.0	4.0	-90.000000	-220.000000	0.001060	0.000310
3.0	4.0	-80.000000	-220.000000	0.001060	0.000230
4.0	4.0	-70.000000	-220.000000	0.001070	0.000190
5.0	4.0	-60.000000	-220.000000	0.000990	0.000160
6.0	4.0	-50.000000	-220.000000	0.000960	0.000100
7.0	4.0	-40.000000	-220.000000	0.001020	0.000050
8.0	4.0	-30.000000	-220.000000	0.001030	-0.000010
9.0	4.0	-20.000000	-220.000000	0.001030	-0.000040
10.0	4.0	-10.000000	-220.000000	0.001040	-0.000080
11.0	4.0	0.000000	-220.000000	0.001050	-0.000120
12.0	4.0	10.000000	-220.000000	0.000980	-0.000150
13.0	4.0	20.000000	-220.000000	0.000940	-0.000180
14.0	4.0	30.000000	-220.000000	0.000890	-0.000220
15.0	4.0	40.000000	-220.000000	0.000930	-0.000220
16.0	4.0	50.000000	-220.000000	0.000840	-0.000210
17.0	4.0	60.000000	-220.000000	0.000920	-0.000240
18.0	4.0	70.000000	-220.000000	0.000940	-0.000310
19.0	4.0	80.000000	-220.000000	0.000890	-0.000430
20.0	4.0	90.000000	-220.000000	0.000850	-0.000460
21.0	4.0	100.000000	-220.000000	0.000770	-0.000490
22.0	4.0	110.000000	-220.000000	0.000730	-0.000540
23.0	4.0	120.000000	-220.000000	0.000750	-0.000590
24.0	4.0	130.000000	-220.000000	0.000760	-0.000630
25.0	4.0	140.000000	-220.000000	0.000770	-0.000760
26.0	4.0	150.000000	-220.000000	0.000740	-0.000810
27.0	4.0	160.000000	-220.000000	0.000750	-0.000870
28.0	4.0	170.000000	-220.000000	0.000740	-0.000940
29.0	4.0	180.000000	-220.000000	0.000710	-0.001000
30.0	4.0	190.000000	-220.000000	0.000680	-0.001090
31.0	4.0	200.000000	-220.000000	0.000650	-0.001150
32.0	4.0	210.000000	-220.000000	0.000640	-0.001210
33.0	4.0	220.000000	-220.000000	0.000630	-0.001280
34.0	4.0	230.000000	-220.000000	0.000600	-0.001260
35.0	4.0	240.000000	-220.000000	0.000590	-0.001250
36.0	4.0	250.000000	-220.000000	0.000500	-0.001250
1.0	5.0	-100.000000	-210.000000	0.001050	0.000350
2.0	5.0	-90.000000	-210.000000	0.000990	0.000320
3.0	5.0	-80.000000	-210.000000	0.000970	0.000310
4.0	5.0	-70.000000	-210.000000	0.000950	0.000250
5.0	5.0	-60.000000	-210.000000	0.000870	0.000220
6.0	5.0	-50.000000	-210.000000	0.000820	0.000150
7.0	5.0	-40.000000	-210.000000	0.000850	0.000100
8.0	5.0	-30.000000	-210.000000	0.000830	0.000080
9.0	5.0	-20.000000	-210.000000	0.000830	0.000040
10.0	5.0	-10.000000	-210.000000	0.000880	-0.000010
11.0	5.0	0.000000	-210.000000	0.000880	-0.000050
12.0	5.0	10.000000	-210.000000	0.000840	-0.000090
13.0	5.0	20.000000	-210.000000	0.000790	-0.000140
14.0	5.0	30.000000	-210.000000	0.000750	-0.000190
15.0	5.0	40.000000	-210.000000	0.000810	-0.000200
16.0	5.0	50.000000	-210.000000	0.000730	-0.000250
17.0	5.0	60.000000	-210.000000	0.000820	-0.000280
18.0	5.0	70.000000	-210.000000	0.000850	-0.000340
19.0	5.0	80.000000	-210.000000	0.000780	-0.000380
20.0	5.0	90.000000	-210.000000	0.000750	-0.000380
21.0	5.0	100.000000	-210.000000	0.000690	-0.000490
22.0	5.0	110.000000	-210.000000	0.000690	-0.000560
23.0	5.0	120.000000	-210.000000	0.000720	-0.000550
24.0	5.0	130.000000	-210.000000	0.000710	-0.000600
25.0	5.0	140.000000	-210.000000	0.000730	-0.000690
26.0	5.0	150.000000	-210.000000	0.000720	-0.000760
27.0	5.0	160.000000	-210.000000	0.000720	-0.000800
28.0	5.0	170.000000	-210.000000	0.000700	-0.000880
29.0	5.0	180.000000	-210.000000	0.000650	-0.000980
30.0	5.0	190.000000	-210.000000	0.000630	-0.001040
31.0	5.0	200.000000	-210.000000	0.000600	-0.001100
32.0	5.0	210.000000	-210.000000	0.000590	-0.001190
33.0	5.0	220.000000	-210.000000	0.000560	-0.001280
34.0	5.0	230.000000	-210.000000	0.000540	-0.001260
35.0	5.0	240.000000	-210.000000	0.000520	-0.001240
36.0	5.0	250.000000	-210.000000	0.000450	-0.001210
1.0	6.0	-100.000000	-200.000000	0.000860	0.000270
2.0	6.0	-90.000000	-200.000000	0.000840	0.000270
3.0	6.0	-80.000000	-200.000000	0.000810	0.000230
4.0	6.0	-70.000000	-200.000000	0.000830	0.000270
5.0	6.0	-60.000000	-200.000000	0.000770	0.000240
6.0	6.0	-50.000000	-200.000000	0.000700	0.000150
7.0	6.0	-40.000000	-200.000000	0.000740	0.000110
8.0	6.0	-30.000000	-200.000000	0.000750	0.000040
9.0	6.0	-20.000000	-200.000000	0.000790	0.000000
10.0	6.0	-10.000000	-200.000000	0.000780	-0.000050
11.0	6.0	0.000000	-200.000000	0.000770	-0.000110
12.0	6.0	10.000000	-200.000000	0.000760	-0.000120
13.0	6.0	20.000000	-200.000000	0.000760	-0.000160
14.0	6.0	30.000000	-200.000000	0.000750	-0.000210
15.0	6.0	40.000000	-200.000000	0.000720	-0.000290
16.0	6.0	50.000000	-200.000000	0.000670	-0.000310
17.0	6.0	60.000000	-200.000000	0.000780	-0.000390
18.0	6.0	70.000000	-200.000000	0.000830	-0.000460
19.0	6.0	80.000000	-200.000000	0.000740	-0.000440
20.0	6.0	90.000000	-200.000000	0.000690	-0.000460
21.0	6.0	100.000000	-200.000000	0.000610	-0.000520
22.0	6.0	110.000000	-200.000000	0.000610	-0.000550
23.0	6.0	120.000000	-200.000000	0.000720	-0.000630
24.0	6.0	130.000000	-200.000000	0.000640	-0.000670
25.0	6.0	140.000000	-200.000000	0.000660	-0.000710
26.0	6.0	150.000000	-200.000000	0.000630	-0.000810
27.0	6.0	160.000000	-200.000000	0.000660	-0.000880
28.0	6.0	170.000000	-200.000000	0.000640	-0.000960
29.0	6.0	180.000000	-200.000000	0.000620	-0.001060
30.0	6.0	190.000000	-200.000000	0.000590	-0.001130
31.0	6.0	200.000000	-200.000000	0.000570	-0.001230
32.0	6.0	210.000000	-200.000000	0.000560	-0.001380
33.0	6.0	220.000000	-200.000000	0.000550	-0.001490
34.0	6.0	230.000000	-200.000000	0.000510	-0.001510
35.0	6.0	240.000000	-200.000000	0.000480	-0.001480
36.0	6.0	250.000000	-200.000000	0.000370	-0.001430
1.0	7.0	-100.000000	-190.000000	0.000920	0.000320
2.0	7.0	-90.000000	-190.000000	0.000810	0.000300
3.0	7.0	-80.000000	-190.000000	0.000770	0.000280
4.0	7.0	-70.000000	-190.000000	0.000810	0.000230
5.0	7.0	-60.000000	-190.000000	0.000760	0.000200
6.0	7.0	-50.000000	-190.000000	0.000720	0.000150
7.0	7.0	-40.000000	-190.000000	0.000720	0.000110
8.0	7.0	-30.000000	-190.000000	0.000690	0.000070
9.0	7.0	-20.000000	-190.000000	0.000730	0.000020
10.0	7.0	-10.000000	-190.000000	0.000730	-0.000060
11.0	7.0	0.000000	-190.000000	0.000750	-0.000120
12.0	7.0	10.000000	-190.000000	0.000740	-0.000150
13.0	7.0	20.000000	-190.000000	0.000710	-0.000190
14.0	7.0	30.000000	-190.000000	0.000720	-0.000240
15.0	7.0	40.000000	-190.000000	0.000750	-0.000260
16.0	7.0	50.000000	-190.000000	0.000670	-0.000300
17.0	7.0	60.000000	-190.000000	0.000780	-0.000380
18.0	7.0	70.000000	-190.000000	0.000860	-0.000440
19.0	7.0	80.000000	-190.000000	0.000800	-0.000510
20.0	7.0	90.000000	-190.000000	0.000730	-0.000520
21.0	7.0	100.000000	-190.000000	0.000670	-0.000550
22.0	7.0	110.000000	-190.000000	0.000680	-0.000660
23.0	7.0	120.000000	-190.000000	0.000730	-0.000690
24.0	7.0	130.000000	-190.000000	0.000700	-0.000770
25.0	7.0	140.000000	-190.000000	0.000670	-0.000810
26.0	7.0	150.000000	-190.000000	0.000640	-0.000880
27.0	7.0	160.000000	-190.000000	0.000660	-0.000950
28.0	7.0	170.000000	-190.000000	0.000610	-0.001020
29.0	7.0	180.000000	-190.000000	0.000550	-0.001090
30.0	7.0	190.000000	-190.000000	0.000540	-0.001160
31.0	7.0	200.000000	-190.000000	0.000500	-0.001230
32.0	7.0	210.000000	-190.000000	0.000490	-0.001350
33.0	7.0	220.000000	-190.000000	0.000480	-0.001450
34.0	7.0	230.000000	-190.000000	0.000430	-0.001450
35.0	7.0	240.000000	-190.000000	0.000370	-0.001410
36.0	7.0	250.000000	-190.000000	0.000290	-0.001400
1.0	8.0	-100.000000	-180.000000	0.000860	0.000330
2.0	8.0	-90.000000	-180.000000	0.000790	0.000320
3.0	8.0	-80.000000	-180.000000	0.000790	0.000310
4.0	8.0	-70.000000	-180.000000	0.000800	0.000300
5.0	8.0	-60.000000	-180.000000	0.000750	0.000260
6.0	8.0	-50.000000	-180.000000	0.000670	0.000180
7.0	8.0	-40.000000	-180.000000	0.000670	0.000150
8.0	8.0	-30.000000	-180.000000	0.000670	0.000100
9.0	8.0	-20.000000	-180.000000	0.000670	0.000050
10.0	8.0	-10.000000	-180.000000	0.000680	-0.000030
11.0	8.0	0.000000	-180.000000	0.000650	-0.000060
12.0	8.0	10.000000	-180.000000	0.000590	-0.000070
13.0	8.0	20.000000	-180.000000	0.000580	-0.000130
14.0	8.0	30.000000	-180.000000	0.000520	-0.000140
15.0	8.0	40.000000	-180.000000	0.000560	-0.000140
16.0	8.0	50.000000	-180.000000	0.000490	-0.000130
17.0	8.0	60.000000	-180.000000	0.000610	-0.000230
18.0	8.0	70.000000	-180.000000	0.000670	-0.000390
19.0	8.0	80.000000	-180.000000	0.000600	-0.000450
20.0	8.0	90.000000	-180.000000	0.000560	-0.000500
21.0	8.0	100.000000	-180.000000	0.000510	-0.000550
22.0	8.0	110.000000	-180.000000	0.000480	-0.000630
23.0	8.0	120.000000	-180.000000	0.000540	-0.000670
24.0	8.0	130.000000	-180.000000	0.000560	-0.000730
25.0	8.0	140.000000	-180.000000	0.000550	-0.000820
26.0	8.0	150.000000	-180.000000	0.000530	-0.000850
27.0	8.0	160.000000	-180.000000	0.000600	-0.000910
28.0	8.0	170.000000	-180.000000	0.000630	-0.000970
29.0	8.0	180.000000	-180.000000	0.000560	-0.001060
30.0	8.0	190.000000	-180.000000	0.000580	-0.001110
31.0	8.0	200.000000	-180.000000	0.000490	-0.001180
32.0	8.0	210.000000	-180.000000	0.000450	-0.001300
33.0	8.0	220.000000	-180.000000	0.000430	-0.001410
34.0	8.0	230.000000	-180.000000	0.000290	-0.001420
35.0	8.0	240.000000	-180.000000	0.000270	-0.001390
36.0	8.0	250.000000	-180.000000	0.000180	-0.001350
1.0	9.0	-100.000000	-170.000000	0.000760	0.000380
2.0	9.0	-90.000000	-170.000000	0.000650	0.000420
3.0	9.0	-80.000000	-170.000000	0.000670	0.000360
4.0	9.0	-70.000000	-170.000000	0.000720	0.000300
5.0	9.0	-60.000000	-170.000000	0.000680	0.000290
6.0	9.0	-50.000000	-170.000000	0.000590	0.000200
7.0	9.0	-40.000000	-170.000000	0.000630	0.000130
8.0	9.0	-30.000000	-170.000000	0.000610	0.000090
9.0	9.0	-20.000000	-170.000000	0.000640	0.000050
10.0	9.0	-10.000000	-170.000000	0.000660	0.000010
11.0	9.0	0.000000	-170.000000	0.000610	-0.000050
12.0	9.0	10.000000	-170.000000	0.000580	-0.000060
13.0	9.0	20.000000	-170.000000	0.000600	-0.000090
14.0	9.0	30.000000	-170.000000	0.000580	-0.000140
15.0	9.0	40.000000	-170.000000	0.000640	-0.000230
16.0	9.0	50.000000	-170.000000	0.000560	-0.000270
17.0	9.0	60.000000	-170.000000	0.000690	-0.000290
18.0	9.0	70.000000	-170.000000	0.000710	-0.000320
19.0	9.0	80.000000	-170.000000	0.000610	-0.000360
20.0	9.0	90.000000	-170.000000	0.000590	-0.000310
21.0	9.0	100.000000	-170.000000	0.000540	-0.000440
22.0	9.0	110.000000	-170.000000	0.000570	-0.000490
23.0	9.0	120.000000	-170.000000	0.000620	-0.000540
24.0	9.0	130.000000	-170.000000	0.000530	-0.000620
25.0	9.0	140.000000	-170.000000	0.000520	-0.000680
26.0	9.0	150.000000	-170.000000	0.000440	-0.000820
27.0	9.0	160.000000	-170.000000	0.000480	-0.000900
28.0	9.0	170.000000	-170.000000	0.000510	-0.000970
29.0	9.0	180.000000	-170.000000	0.000480	-0.001030
30.0	9.0	190.000000	-170.000000	0.000450	-0.001080
31.0	9.0	200.000000	-170.000000	0.000430	-0.001130
32.0	9.0	210.000000	-170.000000	0.000410	-0.001230
33.0	9.0	220.000000	-170.000000	0.000390	-0.001330
34.0	9.0	230.000000	-170.000000	0.000340	-0.001340
35.0	9.0	240.000000	-170.000000	0.000260	-0.001330
36.0	9.0	250.000000	-170.000000	0.000140	-0.001310
1.0	10.0	-100.000000	-160.000000	0.000700	0.000440
2.0	10.0	-90.000000	-160.000000	0.000620	0.000410
3.0	10.0	-80.000000	-160.000000	0.000640	0.000330
4.0	10.0	-70.000000	-160.000000	0.000700	0.000250
5.0	10.0	-60.000000	-160.000000	0.000620	0.000210
6.0	10.0	-50.000000	-160.000000	0.000600	0.000210
7.0	10.0	-40.000000	-160.000000	0.000650	0.000180
8.0	10.0	-30.000000	-160.000000	0.000630	0.000120
9.0	10.0	-20.000000	-160.000000	0.000650	0.000070
10.0	10.0	-10.000000	-160.000000	0.000650	0.000020
11.0	10.0	0.000000	-160.000000	0.000620	-0.000030
12.0	10.0	10.000000	-160.000000	0.000570	-0.000070
13.0	10.0	20.000000	-160.000000	0.000530	-0.000100
14.0	10.0	30.000000	-160.000000	0.000500	-0.000110
15.0	10.0	40.000000	-160.000000	0.000570	-0.000160
16.0	10.0	50.000000	-160.000000	0.000500	-0.000200
17.0	10.0	60.000000	-160.000000	0.000600	-0.000250
18.0	10.0	70.000000	-160.000000	0.000640	-0.000260
19.0	10.0	80.000000	-160.000000	0.000540	-0.000220
20.0	10.0	90.000000	-160.000000	0.000490	-0.000300
21.0	10.0	100.000000	-160.000000	0.000410	-0.000360
22.0	10.0	110.000000	-160.000000	0.000380	-0.000450
23.0	10.0	120.000000	-160.000000	0.000430	-0.000530
24.0	10.0	130.000000	-160.000000	0.000420	-0.000640
25.0	10.0	140.000000	-160.000000	0.000440	-0.000670
26.0	10.0	150.000000	-160.000000	0.000410	-0.000710
27.0	10.0	160.000000	-160.000000	0.000420	-0.000770
28.0	10.0	170.000000	-160.000000	0.000440	-0.000860
29.0	10.0	180.000000	-160.000000	0.000410	-0.000950
30.0	10.0	190.000000	-160.000000	0.000390	-0.001010
31.0	10.0	200.000000	-160.000000	0.000320	-0.001090
32.0	10.0	210.000000	-160.000000	0.000280	-0.001210
33.0	10.0	220.000000	-160.000000	0.000250	-0.001290
34.0	10.0	230.000000	-160.000000	0.000230	-0.001290
35.0	10.0	240.000000	-160.000000	0.000190	-0.001250
36.0	10.0	250.000000	-160.000000	0.000070	-0.001250
1.0	11.0	-100.000000	-150.000000	0.000660	0.000390
2.0	11.0	-90.000000	-150.000000	0.000620	0.000430
3.0	11.0	-80.000000	-150.000000	0.000630	0.000410
4.0	11.0	-70.000000	-150.000000	0.000690	0.000360
5.0	11.0	-60.000000	-150.000000	0.000620	0.000300
6.0	11.0	-50.000000	-150.000000	0.000520	0.000230
7.0	11.0	-40.000000	-150.000000	0.000560	0.000170
8.0	11.0	-30.000000	-150.000000	0.000540	0.000110
9.0	11.0	-20.000000	-150.000000	0.000560	0.000080
10.0	11.0	-10.000000	-150.000000	0.000570	0.000040
11.0	11.0	0.000000	-150.000000	0.000620	-0.000020
12.0	11.0	10.000000	-150.000000	0.000580	0.000000
13.0	11.0	20.000000	-150.000000	0.000520	-0.000040
14.0	11.0	30.000000	-150.000000	0.000500	-0.000070
15.0	11.0	40.000000	-150.000000	0.000560	-0.000050
16.0	11.0	50.000000	-150.000000	0.000450	-0.000090
17.0	11.0	60.000000	-150.000000	0.000570	-0.000150
18.0	11.0	70.000000	-150.000000	0.000580	-0.000220
19.0	11.0	80.000000	-150.000000	0.000520	-0.000280
20.0	11.0	90.000000	-150.000000	0.000490	-0.000370
21.0	11.0	100.000000	-150.000000	0.000430	-0.000410
22.0	11.0	110.000000	-150.000000	0.000400	-0.000470
23.0	11.0	120.000000	-150.000000	0.000420	-0.000550
24.0	11.0	130.000000	-150.000000	0.000400	-0.000610
25.0	11.0	140.000000	-150.000000	0.000410	-0.000730
26.0	11.0	150.000000	-150.000000	0.000350	-0.000790
27.0	11.0	160.000000	-150.000000	0.000340	-0.000860
28.0	11.0	170.000000	-150.000000	0.000300	-0.000920
29.0	11.0	180.000000	-150.000000	0.000260	-0.000990
30.0	11.0	190.000000	-150.000000	0.000250	-0.001040
31.0	11.0	200.000000	-150.000000	0.000260	-0.001110
32.0	11.0	210.000000	-150.000000	0.000250	-0.001240
33.0	11.0	220.000000	-150.000000	0.000220	-0.001340
34.0	11.0	230.000000	-150.000000	0.000220	-0.001340
35.0	11.0	240.000000	-150.000000	0.000170	-0.001300
36.0	11.0	250.000000	-150.000000	0.000050	-0.001290
1.0	12.0	-100.000000	-140.000000	0.000620	0.000480
2.0	12.0	-90.000000	-140.000000	0.000550	0.000480
3.0	12.0	-80.000000	-140.000000	0.000610	0.000420
4.0	12.0	-70.000000	-140.000000	0.000630	0.000390
5.0	12.0	-60.000000	-140.000000	0.000540	0.000360
6.0	12.0	-50.000000	-140.000000	0.000450	0.000280
7.0	12.0	-40.000000	-140.000000	0.000520	0.000230
8.0	12.0	-30.000000	-140.000000	0.000520	0.000160
9.0	12.0	-20.000000	-140.000000	0.000530	0.000100
10.0	12.0	-10.000000	-140.000000	0.000520	0.000080
11.0	12.0	0.000000	-140.000000	0.000500	0.000000
12.0	12.0	10.000000	-140.000000	0.000490	-0.000030
13.0	12.0	20.000000	-140.000000	0.000480	-0.000050
14.0	12.0	30.000000	-140.000000	0.000460	-0.000070
15.0	12.0	40.000000	-140.000000	0.000480	-0.000120
16.0	12.0	50.000000	-140.000000	0.000370	-0.000170
17.0	12.0	60.000000	-140.000000	0.000490	-0.000260
18.0	12.0	70.000000	-140.000000	0.000550	-0.000320
19.0	12.0	80.000000	-140.000000	0.000500	-0.000340
20.0	12.0	90.000000	-140.000000	0.000430	-0.000430
21.0	12.0	100.000000	-140.000000	0.000340	-0.000480
22.0	12.0	110.000000	-140.000000	0.000290	-0.000550
23.0	12.0	120.000000	-140.000000	0.000330	-0.000610
24.0	12.0	130.000000	-140.000000	0.000310	-0.000630
25.0	12.0	140.000000	-140.000000	0.000350	-0.000690
26.0	12.0	150.000000	-140.000000	0.000340	-0.000810
27.0	12.0	160.000000	-140.000000	0.000370	-0.000880
28.0	12.0	170.000000	-140.000000	0.000360	-0.000940
29.0	12.0	180.000000	-140.000000	0.000320	-0.001030
30.0	12.0	190.000000	-140.000000	0.000300	-0.001080
31.0	12.0	200.000000	-140.000000	0.000230	-0.001150
32.0	12.0	210.000000	-140.000000	0.000160	-0.001280
33.0	12.0	220.000000	-140.000000	0.000120	-0.001380
34.0	12.0	230.000000	-140.000000	0.000090	-0.001360
35.0	12.0	240.000000	-140.000000	0.000040	-0.001330
36.0	12.0	250.000000	-140.000000	-0.000070	-0.001310
1.0	13.0	-100.000000	-130.000000	0.000470	0.000530
2.0	13.0	-90.000000	-130.000000	0.000410	0.000590
3.0	13.0	-80.000000	-130.000000	0.000420	0.000470
4.0	13.0	-70.000000	-130.000000	0.000420	0.000310
5.0	13.0	-60.000000	-130.000000	0.000350	0.000250
6.0	13.0	-50.000000	-130.000000	0.000260	0.000180
7.0	13.0	-40.000000	-130.000000	0.000320	0.000130
8.0	13.0	-30.000000	-130.000000	0.000280	0.000080
9.0	13.0	-20.000000	-130.000000	0.000290	0.000060
10.0	13.0	-10.000000	-130.000000	0.000280	0.000050
11.0	13.0	0.000000	-130.000000	0.000280	0.000040
12.0	13.0	10.000000	-130.000000	0.000240	-0.000030
13.0	13.0	20.000000	-130.000000	0.000210	-0.000090
14.0	13.0	30.000000	-130.000000	0.000180	-0.000120
15.0	13.0	40.000000	-130.000000	0.000240	-0.000120
16.0	13.0	50.000000	-130.000000	0.000160	-0.000160
17.0	13.0	60.000000	-130.000000	0.000270	-0.000170
18.0	13.0	70.000000	-130.000000	0.000300	-0.000270
19.0	13.0	80.000000	-130.000000	0.000240	-0.000390
20.0	13.0	90.000000	-130.000000	0.000170	-0.000450
21.0	13.0	100.000000	-130.000000	0.000100	-0.000480
22.0	13.0	110.000000	-130.000000	0.000070	-0.000530
23.0	13.0	120.000000	-130.000000	0.000130	-0.000540
24.0	13.0	130.000000	-130.000000	0.000120	-0.000620
25.0	13.0	140.000000	-130.000000	0.000120	-0.000700
26.0	13.0	150.000000	-130.000000	0.000090	-0.000740
27.0	13.0	160.000000	-130.000000	0.000120	-0.000870
28.0	13.0	170.000000	-130.000000	0.000120	-0.000980
29.0	13.0	180.000000	-130.000000	0.000080	-0.001060
30.0	13.0	190.000000	-130.000000	0.000060	-0.001120
31.0	13.0	200.000000	-130.000000	0.000030	-0.001190
32.0	13.0	210.000000	-130.000000	0.000000	-0.001320
33.0	13.0	220.000000	-130.000000	-0.000020	-0.001410
34.0	13.0	230.000000	-130.000000	-0.000050	-0.001410
35.0	13.0	240.000000	-130.000000	-0.000100	-0.001380
36.0	13.0	250.000000	-130.000000	-0.000220	-0.001360
1.0	14.0	-100.000000	-120.000000	0.000520	0.000450
2.0	14.0	-90.000000	-120.000000	0.000410	0.000510
3.0	14.0	-80.000000	-120.000000	0.000380	0.000480
4.0	14.0	-70.000000	-120.000000	0.000370	0.000360
5.0	14.0	-60.000000	-120.000000	0.000310	0.000320
6.0	14.0	-50.000000	-120.000000	0.000200	0.000280
7.0	14.0	-40.000000	-120.000000	0.000230	0.000210
8.0	14.0	-30.000000	-120.000000	0.000190	0.000180
9.0	14.0	-20.000000	-120.000000	0.000200	0.000140
10.0	14.0	-10.000000	-120.000000	0.000270	0.000070
11.0	14.0	0.000000	-120.000000	0.000260	0.000020
12.0	14.0	10.000000	-120.000000	0.000250	-0.000030
13.0	14.0	20.000000	-120.000000	0.000230	-0.000050
14.0	14.0	30.000000	-120.000000	0.000200	-0.000070
15.0	14.0	40.000000	-120.000000	0.000240	-0.000110
16.0	14.0	50.000000	-120.000000	0.000160	-0.000160
17.0	14.0	60.000000	-120.000000	0.000240	-0.000200
18.0	14.0	70.000000	-120.000000	0.000270	-0.000270
19.0	14.0	80.000000	-120.000000	0.000190	-0.000360
20.0	14.0	90.000000	-120.000000	0.000160	-0.000460
21.0	14.0	100.000000	-120.000000	0.000090	-0.000490
22.0	14.0	110.000000	-120.000000	0.000050	-0.000560
23.0	14.0	120.000000	-120.000000	0.000090	-0.000620
24.0	14.0	130.000000	-120.000000	0.000070	-0.000650
25.0	14.0	140.000000	-120.000000	0.000070	-0.000720
26.0	14.0	150.000000	-120.000000	0.000060	-0.000800
27.0	14.0	160.000000	-120.000000	0.000070	-0.000890
28.0	14.0	170.000000	-120.000000	0.000030	-0.000950
29.0	14.0	180.000000	-120.000000	0.000000	-0.001010
30.0	14.0	190.000000	-120.000000	-0.000010	-0.001070
31.0	14.0	200.000000	-120.000000	-0.000040	-0.001140
32.0	14.0	210.000000	-120.000000	-0.000080	-0.001270
33.0	14.0	220.000000	-120.000000	-0.000120	-0.001380
34.0	14.0	230.000000	-120.000000	-0.000160	-0.001380
35.0	14.0	240.000000	-120.000000	-0.000210	-0.001360
36.0	14.0	250.000000	-120.000000	-0.000320	-0.001350
1.0	15.0	-100.000000	-110.000000	0.000290	0.000560
2.0	15.0	-90.000000	-110.000000	0.000180	0.000530
3.0	15.0	-80.000000	-110.000000	0.000170	0.000460
4.0	15.0	-70.000000	-110.000000	0.000200	0.000430
5.0	15.0	-60.000000	-110.000000	0.000170	0.000310
6.0	15.0	-50.000000	-110.000000	0.000100	0.000250
7.0	15.0	-40.000000	-110.000000	0.000170	0.000170
8.0	15.0	-30.000000	-110.000000	0.000130	0.000130
9.0	15.0	-20.000000	-110.000000	0.000110	0.000090
10.0	15.0	-10.000000	-110.000000	0.000140	0.000060
11.0	15.0	0.000000	-110.000000	0.000130	0.000010
12.0	15.0	10.000000	-110.000000	0.000140	-0.000010
13.0	15.0	20.000000	-110.000000	0.000130	-0.000030
14.0	15.0	30.000000	-110.000000	0.000100	-0.000060
15.0	15.0	40.000000	-110.000000	0.000140	-0.000100
16.0	15.0	50.000000	-110.000000	0.000030	-0.000130
17.0	15.0	60.000000	-110.000000	0.000130	-0.000200
18.0	15.0	70.000000	-110.000000	0.000180	-0.000230
19.0	15.0	80.000000	-110.000000	0.000110	-0.000350
20.0	15.0	90.000000	-110.000000	0.000060	-0.000410
21.0	15.0	100.000000	-110.000000	0.000020	-0.000420
22.0	15.0	110.000000	-110.000000	-0.000020	-0.000490
23.0	15.0	120.000000	-110.000000	0.000030	-0.000540
24.0	15.0	130.000000	-110.000000	0.000000	-0.000570
25.0	15.0	140.000000	-110.000000	0.000010	-0.000650
26.0	15.0	150.000000	-110.000000	0.000020	-0.000740
27.0	15.0	160.000000	-110.000000	0.000030	-0.000780
28.0	15.0	170.000000	-110.000000	0.000000	-0.000860
29.0	15.0	180.000000	-110.000000	-0.000020	-0.000930
30.0	15.0	190.000000	-110.000000	-0.000060	-0.000990
31.0	15.0	200.000000	-110.000000	-0.000060	-0.001060
32.0	15.0	210.000000	-110.000000	-0.000130	-0.001170
33.0	15.0	220.000000	-110.000000	-0.000180	-0.001290
34.0	15.0	230.000000	-110.000000	-0.000170	-0.001310
35.0	15.0	240.000000	-110.000000	-0.000200	-0.001300
36.0	15.0	250.000000	-110.000000	-0.000300	-0.001290
1.0	16.0	-100.000000	-100.000000	0.000360	0.000430
2.0	16.0	-90.000000	-100.000000	0.000250	0.000490
3.0	16.0	-80.000000	-100.000000	0.000250	0.000460
4.0	16.0	-70.000000	-100.000000	0.000250	0.000330
5.0	16.0	-60.000000	-100.000000	0.000150	0.000290
6.0	16.0	-50.000000	-100.000000	0.000070	0.000170
7.0	16.0	-40.000000	-100.000000	0.000120	0.000120
8.0	16.0	-30.000000	-100.000000	0.000120	0.000110
9.0	16.0	-20.000000	-100.000000	0.000170	0.000070
10.0	16.0	-10.000000	-100.000000	0.000200	0.000030
11.0	16.0	0.000000	-100.000000	0.000190	0.000000
12.0	16.0	10.000000	-100.000000	0.000180	-0.000050
13.0	16.0	20.000000	-100.000000	0.000160	-0.000100
14.0	16.0	30.000000	-100.000000	0.000150	-0.000140
15.0	16.0	40.000000	-100.000000	0.000190	-0.000200
16.0	16.0	50.000000	-100.000000	0.000100	-0.000260
17.0	16.0	60.000000	-100.000000	0.000140	-0.000300
18.0	16.0	70.000000	-100.000000	0.000160	-0.000350
19.0	16.0	80.000000	-100.000000	0.000100	-0.000470
20.0	16.0	90.000000	-100.000000	0.000050	-0.000500
21.0	16.0	100.000000	-100.000000	-0.000070	-0.000540
22.0	16.0	110.000000	-100.000000	-0.000100	-0.000590
23.0	16.0	120.000000	-100.000000	-0.000020	-0.000630
24.0	16.0	130.000000	-100.000000	-0.000060	-0.000630
25.0	16.0	140.000000	-100.000000	-0.000080	-0.000700
26.0	16.0	150.000000	-100.000000	-0.000050	-0.000810
27.0	16.0	160.000000	-100.000000	-0.000060	-0.000890
28.0	16.0	170.000000	-100.000000	-0.000070	-0.000940
29.0	16.0	180.000000	-100.000000	-0.000110	-0.001010
30.0	16.0	190.000000	-100.000000	-0.000120	-0.001060
31.0	16.0	200.000000	-100.000000	-0.000150	-0.001130
32.0	16.0	210.000000	-100.000000	-0.000160	-0.001250
33.0	16.0	220.000000	-100.000000	-0.000170	-0.001350
34.0	16.0	230.000000	-100.000000	-0.000220	-0.001350
35.0	16.0	240.000000	-100.000000	-0.000290	-0.001350
36.0	16.0	250.000000	-100.000000	-0.000420	-0.001340
1.0	17.0	-100.000000	-90.000000	0.000290	0.000540
2.0	17.0	-90.000000	-90.000000	0.000190	0.000560
3.0	17.0	-80.000000	-90.000000	0.000220	0.000550
4.0	17.0	-70.000000	-90.000000	0.000250	0.000430
5.0	17.0	-60.000000	-90.000000	0.000210	0.000360
6.0	17.0	-50.000000	-90.000000	0.000120	0.000280
7.0	17.0	-40.000000	-90.000000	0.000150	0.000210
8.0	17.0	-30.000000	-90.000000	0.000150	0.000180
9.0	17.0	-20.000000	-90.000000	0.000140	0.000160
10.0	17.0	-10.000000	-90.000000	0.000160	0.000130
11.0	17.0	0.000000	-90.000000	0.000110	0.000090
12.0	17.0	10.000000	-90.000000	0.000080	0.000060
13.0	17.0	20.000000	-90.000000	0.000010	0.000070
14.0	17.0	30.000000	-90.000000	0.000000	0.000030
15.0	17.0	40.000000	-90.000000	0.000050	-0.000030
16.0	17.0	50.000000	-90.000000	0.000000	-0.000080
17.0	17.0	60.000000	-90.000000	0.000100	-0.000170
18.0	17.0	70.000000	-90.000000	0.000100	-0.000260
19.0	17.0	80.000000	-90.000000	0.000030	-0.000330
20.0	17.0	90.000000	-90.000000	-0.000030	-0.000410
21.0	17.0	100.000000	-90.000000	-0.000070	-0.000410
22.0	17.0	110.000000	-90.000000	-0.000050	-0.000470
23.0	17.0	120.000000	-90.000000	-0.000020	-0.000530
24.0	17.0	130.000000	-90.000000	-0.000020	-0.000600
25.0	17.0	140.000000	-90.000000	-0.000020	-0.000680
26.0	17.0	150.000000	-90.000000	-0.000080	-0.000770
27.0	17.0	160.000000	-90.000000	-0.000080	-0.000860
28.0	17.0	170.000000	-90.000000	-0.000050	-0.000910
29.0	17.0	180.000000	-90.000000	-0.000100	-0.000970
30.0	17.0	190.000000	-90.000000	-0.000150	-0.001020
31.0	17.0	200.000000	-90.000000	-0.000190	-0.001100
32.0	17.0	210.000000	-90.000000	-0.000230	-0.001230
33.0	17.0	220.000000	-90.000000	-0.000260	-0.001340
34.0	17.0	230.000000	-90.000000	-0.000300	-0.001340
35.0	17.0	240.000000	-90.000000	-0.000370	-0.001330
36.0	17.0	250.000000	-90.000000	-0.000500	-0.001310
1.0	18.0	-100.000000	-80.000000	0.000220	0.000630
2.0	18.0	-90.000000	-80.000000	0.000140	0.000680
3.0	18.0	-80.000000	-80.000000	0.000180	0.000600
4.0	18.0	-70.000000	-80.000000	0.000220	0.000510
5.0	18.0	-60.000000	-80.000000	0.000180	0.000510
6.0	18.0	-50.000000	-80.000000	0.000100	0.000440
7.0	18.0	-40.000000	-80.000000	0.000120	0.000350
8.0	18.0	-30.000000	-80.000000	0.000070	0.000280
9.0	18.0	-20.000000	-80.000000	0.000080	0.000240
10.0	18.0	-10.000000	-80.000000	0.000080	0.000200
11.0	18.0	0.000000	-80.000000	0.000060	0.000160
12.0	18.0	10.000000	-80.000000	0.000030	0.000110
13.0	18.0	20.000000	-80.000000	-0.000040	0.000050
14.0	18.0	30.000000	-80.000000	-0.000070	0.000050
15.0	18.0	40.000000	-80.000000	0.000010	-0.000020
16.0	18.0	50.000000	-80.000000	-0.000070	-0.000100
17.0	18.0	60.000000	-80.000000	0.000020	-0.000170
18.0	18.0	70.000000	-80.000000	0.000070	-0.000280
19.0	18.0	80.000000	-80.000000	0.000000	-0.000360
20.0	18.0	90.000000	-80.000000	-0.000060	-0.000400
21.0	18.0	100.000000	-80.000000	-0.000150	-0.000490
22.0	18.0	110.000000	-80.000000	-0.000220	-0.000510
23.0	18.0	120.000000	-80.000000	-0.000190	-0.000550
24.0	18.0	130.000000	-80.000000	-0.000190	-0.000610
25.0	18.0	140.000000	-80.000000	-0.000140	-0.000660
26.0	18.0	150.000000	-80.000000	-0.000140	-0.000740
27.0	18.0	160.000000	-80.000000	-0.000080	-0.000820
28.0	18.0	170.000000	-80.000000	-0.000070	-0.000890
29.0	18.0	180.000000	-80.000000	-0.000130	-0.000950
30.0	18.0	190.000000	-80.000000	-0.000150	-0.001010
31.0	18.0	200.000000	-80.000000	-0.000150	-0.001090
32.0	18.0	210.000000	-80.000000	-0.000230	-0.001210
33.0	18.0	220.000000	-80.000000	-0.000250	-0.001310
34.0	18.0	230.000000	-80.000000	-0.000320	-0.001330
35.0	18.0	240.000000	-80.000000	-0.000330	-0.001320
36.0	18.0	250.000000	-80.000000	-0.000470	-0.001300
1.0	19.0	-100.000000	-70.000000	0.000220	0.000610
2.0	19.0	-90.000000	-70.000000	0.000140	0.000580
3.0	19.0	-80.000000	-70.000000	0.000170	0.000650
4.0	19.0	-70.000000	-70.000000	0.000160	0.000550
5.0	19.0	-60.000000	-70.000000	0.000090	0.000460
6.0	19.0	-50.000000	-70.000000	0.000010	0.000400
7.0	19.0	-40.000000	-70.000000	0.000050	0.000340
8.0	19.0	-30.000000	-70.000000	0.000020	0.000270
9.0	19.0	-20.000000	-70.000000	0.000000	0.000240
10.0	19.0	-10.000000	-70.000000	0.000000	0.000180
11.0	19.0	0.000000	-70.000000	-0.000030	0.000110
12.0	19.0	10.000000	-70.000000	-0.000050	0.000060
13.0	19.0	20.000000	-70.000000	-0.000090	0.000040
14.0	19.0	30.000000	-70.000000	-0.000090	0.000010
15.0	19.0	40.000000	-70.000000	-0.000050	0.000000
16.0	19.0	50.000000	-70.000000	-0.000130	-0.000060
17.0	19.0	60.000000	-70.000000	-0.000050	-0.000120
18.0	19.0	70.000000	-70.000000	-0.000010	-0.000150
19.0	19.0	80.000000	-70.000000	-0.000100	-0.000270
20.0	19.0	90.000000	-70.000000	-0.000140	-0.000340
21.0	19.0	100.000000	-70.000000	-0.000180	-0.000400
22.0	19.0	110.000000	-70.000000	-0.000210	-0.000450
23.0	19.0	120.000000	-70.000000	-0.000170	-0.000520
24.0	19.0	130.000000	-70.000000	-0.000170	-0.000580
25.0	19.0	140.000000	-70.000000	-0.000150	-0.000660
26.0	19.0	150.000000	-70.000000	-0.000200	-0.000710
27.0	19.0	160.000000	-70.000000	-0.000170	-0.000780
28.0	19.0	170.000000	-70.000000	-0.000190	-0.000830
29.0	19.0	180.000000	-70.000000	-0.000240	-0.000920
30.0	19.0	190.000000	-70.000000	-0.000270	-0.000970
31.0	19.0	200.000000	-70.000000	-0.000290	-0.001040
32.0	19.0	210.000000	-70.000000	-0.000340	-0.001160
33.0	19.0	220.000000	-70.000000	-0.000350	-0.001270
34.0	19.0	230.000000	-70.000000	-0.000390	-0.001290
35.0	19.0	240.000000	-70.000000	-0.000440	-0.001270
36.0	19.0	250.000000	-70.000000	-0.000550	-0.001250
1.0	20.0	-100.000000	-60.000000	0.000130	0.000630
2.0	20.0	-90.000000	-60.000000	0.000050	0.000670
3.0	20.0	-80.000000	-60.000000	0.000070	0.000670
4.0	20.0	-70.000000	-60.000000	0.000120	0.000590
5.0	20.0	-60.000000	-60.000000	0.000070	0.000520
6.0	20.0	-50.000000	-60.000000	-0.000030	0.000470
7.0	20.0	-40.000000	-60.000000	0.000010	0.000420
8.0	20.0	-30.000000	-60.000000	0.000020	0.000350
9.0	20.0	-20.000000	-60.000000	-0.000010	0.000320
10.0	20.0	-10.000000	-60.000000	0.000030	0.000270
11.0	20.0	0.000000	-60.000000	-0.000020	0.000210
12.0	20.0	10.000000	-60.000000	-0.000030	0.000180
13.0	20.0	20.000000	-60.000000	-0.000040	0.000160
14.0	20.0	30.000000	-60.000000	-0.000070	0.000100
15.0	20.0	40.000000	-60.000000	-0.000030	0.000080
16.0	20.0	50.000000	-60.000000	-0.000090	0.000030
17.0	20.0	60.000000	-60.000000	0.000000	-0.000070
18.0	20.0	70.000000	-60.000000	0.000100	-0.000130
19.0	20.0	80.000000	-60.000000	0.000030	-0.000170
20.0	20.0	90.000000	-60.000000	0.000010	-0.000200
21.0	20.0	100.000000	-60.000000	-0.000040	-0.000270
22.0	20.0	110.000000	-60.000000	-0.000110	-0.000390
23.0	20.0	120.000000	-60.000000	-0.000100	-0.000380
24.0	20.0	130.000000	-60.000000	-0.000130	-0.000440
25.0	20.0	140.000000	-60.000000	-0.000130	-0.000550
26.0	20.0	150.000000	-60.000000	-0.000210	-0.000630
27.0	20.0	160.000000	-60.000000	-0.000200	-0.000710
28.0	20.0	170.000000	-60.000000	-0.000190	-0.000800
29.0	20.0	180.000000	-60.000000	-0.000210	-0.000880
30.0	20.0	190.000000	-60.000000	-0.000290	-0.000930
31.0	20.0	200.000000	-60.000000	-0.000350	-0.001040
32.0	20.0	210.000000	-60.000000	-0.000370	-0.001170
33.0	20.0	220.000000	-60.000000	-0.000370	-0.001270
34.0	20.0	230.000000	-60.000000	-0.000430	-0.001290
35.0	20.0	240.000000	-60.000000	-0.000480	-0.001280
36.0	20.0	250.000000	-60.000000	-0.000610	-0.001270
1.0	21.0	-100.000000	-50.000000	0.000180	0.000610
2.0	21.0	-90.000000	-50.000000	0.000090	0.000640
3.0	21.0	-80.000000	-50.000000	0.000080	0.000580
4.0	21.0	-70.000000	-50.000000	0.000140	0.000510
5.0	21.0	-60.000000	-50.000000	0.000120	0.000480
6.0	21.0	-50.000000	-50.000000	0.000010	0.000450
7.0	21.0	-40.000000	-50.000000	0.000070	0.000350
8.0	21.0	-30.000000	-50.000000	0.000090	0.000310
9.0	21.0	-20.000000	-50.000000	0.000070	0.000350
10.0	21.0	-10.000000	-50.000000	0.000030	0.000290
11.0	21.0	0.000000	-50.000000	-0.000010	0.000200
12.0	21.0	10.000000	-50.000000	-0.000010	0.000170
13.0	21.0	20.000000	-50.000000	-0.000020	0.000130
14.0	21.0	30.000000	-50.000000	-0.000030	0.000120
15.0	21.0	40.000000	-50.000000	-0.000010	0.000030
16.0	21.0	50.000000	-50.000000	-0.000100	-0.000030
17.0	21.0	60.000000	-50.000000	0.000010	-0.000130
18.0	21.0	70.000000	-50.000000	0.000050	-0.000170
19.0	21.0	80.000000	-50.000000	-0.000030	-0.000300
20.0	21.0	90.000000	-50.000000	-0.000080	-0.000340
21.0	21.0	100.000000	-50.000000	-0.000150	-0.000390
22.0	21.0	110.000000	-50.000000	-0.000170	-0.000420
23.0	21.0	120.000000	-50.000000	-0.000190	-0.000470
24.0	21.0	130.000000	-50.000000	-0.000240	-0.000530
25.0	21.0	140.000000	-50.000000	-0.000260	-0.000510
26.0	21.0	150.000000	-50.000000	-0.000310	-0.000610
27.0	21.0	160.000000	-50.000000	-0.000270	-0.000750
28.0	21.0	170.000000	-50.000000	-0.000280	-0.000850
29.0	21.0	180.000000	-50.000000	-0.000310	-0.000940
30.0	21.0	190.000000	-50.000000	-0.000360	-0.001000
31.0	21.0	200.000000	-50.000000	-0.000390	-0.001080
32.0	21.0	210.000000	-50.000000	-0.000410	-0.001200
33.0	21.0	220.000000	-50.000000	-0.000430	-0.001290
34.0	21.0	230.000000	-50.000000	-0.000450	-0.001310
35.0	21.0	240.000000	-50.000000	-0.000480	-0.001290
36.0	21.0	250.000000	-50.000000	-0.000620	-0.001270
1.0	22.0	-100.000000	-40.000000	0.000140	0.000580
2.0	22.0	-90.000000	-40.000000	0.000040	0.000650
3.0	22.0	-80.000000	-40.000000	-0.000010	0.000610
4.0	22.0	-70.000000	-40.000000	0.000020	0.000560
5.0	22.0	-60.000000	-40.000000	0.000020	0.000480
6.0	22.0	-50.000000	-40.000000	-0.000080	0.000420
7.0	22.0	-40.000000	-40.000000	-0.000040	0.000360
8.0	22.0	-30.000000	-40.000000	-0.000040	0.000300
9.0	22.0	-20.000000	-40.000000	0.000000	0.000250
10.0	22.0	-10.000000	-40.000000	-0.000020	0.000210
11.0	22.0	0.000000	-40.000000	-0.000030	0.000160
12.0	22.0	10.000000	-40.000000	-0.000050	0.000150
13.0	22.0	20.000000	-40.000000	-0.000080	0.000100
14.0	22.0	30.000000	-40.000000	-0.000120	0.000040
15.0	22.0	40.000000	-40.000000	-0.000050	0.000000
16.0	22.0	50.000000	-40.000000	-0.000130	-0.000060
17.0	22.0	60.000000	-40.000000	-0.000050	-0.000120
18.0	22.0	70.000000	-40.000000	-0.000010	-0.000200
19.0	22.0	80.000000	-40.000000	-0.000090	-0.000260
20.0	22.0	90.000000	-40.000000	-0.000140	-0.000360
21.0	22.0	100.000000	-40.000000	-0.000180	-0.000420
22.0	22.0	110.000000	-40.000000	-0.000240	-0.000470
23.0	22.0	120.000000	-40.000000	-0.000230	-0.000490
24.0	22.0	130.000000	-40.000000	-0.000280	-0.000520
25.0	22.0	140.000000	-40.000000	-0.000290	-0.000590
26.0	22.0	150.000000	-40.000000	-0.000330	-0.000680
27.0	22.0	160.000000	-40.000000	-0.000320	-0.000750
28.0	22.0	170.000000	-40.000000	-0.000310	-0.000820
29.0	22.0	180.000000	-40.000000	-0.000360	-0.000890
30.0	22.0	190.000000	-40.000000	-0.000430	-0.000940
31.0	22.0	200.000000	-40.000000	-0.000480	-0.001010
32.0	22.0	210.000000	-40.000000	-0.000520	-0.001130
33.0	22.0	220.000000	-40.000000	-0.000560	-0.001240
34.0	22.0	230.000000	-40.000000	-0.000600	-0.001250
35.0	22.0	240.000000	-40.000000	-0.000650	-0.001230
36.0	22.0	250.000000	-40.000000	-0.000770	-0.001220
1.0	23.0	-100.000000	-30.000000	0.000110	0.000520
2.0	23.0	-90.000000	-30.000000	0.000040	0.000700
3.0	23.0	-80.000000	-30.000000	0.000020	0.000550
4.0	23.0	-70.000000	-30.000000	0.000070	0.000500
5.0	23.0	-60.000000	-30.000000	0.000010	0.000440
6.0	23.0	-50.000000	-30.000000	-0.000070	0.000420
7.0	23.0	-40.000000	-30.000000	-0.000060	0.000360
8.0	23.0	-30.000000	-30.000000	-0.000080	0.000290
9.0	23.0	-20.000000	-30.000000	-0.000070	0.000260
10.0	23.0	-10.000000	-30.000000	-0.000090	0.000200
11.0	23.0	0.000000	-30.000000	-0.000090	0.000180
12.0	23.0	10.000000	-30.000000	-0.000120	0.000170
13.0	23.0	20.000000	-30.000000	-0.000130	0.000120
14.0	23.0	30.000000	-30.000000	-0.000120	0.000050
15.0	23.0	40.000000	-30.000000	-0.000080	-0.000020
16.0	23.0	50.000000	-30.000000	-0.000150	-0.000070
17.0	23.0	60.000000	-30.000000	-0.000040	-0.000130
18.0	23.0	70.000000	-30.000000	-0.000050	-0.000170
19.0	23.0	80.000000	-30.000000	-0.000160	-0.000230
20.0	23.0	90.000000	-30.000000	-0.000200	-0.000270
21.0	23.0	100.000000	-30.000000	-0.000230	-0.000340
22.0	23.0	110.000000	-30.000000	-0.000280	-0.000430
23.0	23.0	120.000000	-30.000000	-0.000280	-0.000490
24.0	23.0	130.000000	-30.000000	-0.000320	-0.000560
25.0	23.0	140.000000	-30.000000	-0.000280	-0.000580
26.0	23.0	150.000000	-30.000000	-0.000320	-0.000650
27.0	23.0	160.000000	-30.000000	-0.000330	-0.000740
28.0	23.0	170.000000	-30.000000	-0.000270	-0.000800
29.0	23.0	180.000000	-30.000000	-0.000340	-0.000860
30.0	23.0	190.000000	-30.000000	-0.000440	-0.000930
31.0	23.0	200.000000	-30.000000	-0.000500	-0.001020
32.0	23.0	210.000000	-30.000000	-0.000530	-0.001130
33.0	23.0	220.000000	-30.000000	-0.000560	-0.001240
34.0	23.0	230.000000	-30.000000	-0.000580	-0.001260
35.0	23.0	240.000000	-30.000000	-0.000620	-0.001250
36.0	23.0	250.000000	-30.000000	-0.000730	-0.001220
1.0	24.0	-100.000000	-20.000000	0.000160	0.000590
2.0	24.0	-90.000000	-20.000000	0.000090	0.000570
3.0	24.0	-80.000000	-20.000000	0.000000	0.000570
4.0	24.0	-70.000000	-20.000000	0.000020	0.000510
5.0	24.0	-60.000000	-20.000000	-0.000060	0.000430
6.0	24.0	-50.000000	-20.000000	-0.000150	0.000360
7.0	24.0	-40.000000	-20.000000	-0.000100	0.000350
8.0	24.0	-30.000000	-20.000000	-0.000120	0.000260
9.0	24.0	-20.000000	-20.000000	-0.000100	0.000220
10.0	24.0	-10.000000	-20.000000	-0.000110	0.000180
11.0	24.0	0.000000	-20.000000	-0.000110	0.000160
12.0	24.0	10.000000	-20.000000	-0.000140	0.000120
13.0	24.0	20.000000	-20.000000	-0.000160	0.000090
14.0	24.0	30.000000	-20.000000	-0.000160	0.000100
15.0	24.0	40.000000	-20.000000	-0.000090	0.000000
16.0	24.0	50.000000	-20.000000	-0.000190	-0.000080
17.0	24.0	60.000000	-20.000000	-0.000100	-0.000140
18.0	24.0	70.000000	-20.000000	-0.000060	-0.000180
19.0	24.0	80.000000	-20.000000	-0.000160	-0.000260
20.0	24.0	90.000000	-20.000000	-0.000260	-0.000320
21.0	24.0	100.000000	-20.000000	-0.000340	-0.000330
22.0	24.0	110.000000	-20.000000	-0.000340	-0.000370
23.0	24.0	120.000000	-20.000000	-0.000300	-0.000460
24.0	24.0	130.000000	-20.000000	-0.000320	-0.000480
25.0	24.0	140.000000	-20.000000	-0.000340	-0.000570
26.0	24.0	150.000000	-20.000000	-0.000390	-0.000670
27.0	24.0	160.000000	-20.000000	-0.000420	-0.000750
28.0	24.0	170.000000	-20.000000	-0.000440	-0.000800
29.0	24.0	180.000000	-20.000000	-0.000510	-0.000870
30.0	24.0	190.000000	-20.000000	-0.000570	-0.000920
31.0	24.0	200.000000	-20.000000	-0.000600	-0.000990
32.0	24.0	210.000000	-20.000000	-0.000600	-0.001110
33.0	24.0	220.000000	-20.000000	-0.000630	-0.001220
34.0	24.0	230.000000	-20.000000	-0.000690	-0.001230
35.0	24.0	240.000000	-20.000000	-0.000730	-0.001210
36.0	24.0	250.000000	-20.000000	-0.000830	-0.001200
1.0	25.0	-100.000000	-10.000000	0.000050	0.000560
2.0	25.0	-90.000000	-10.000000	-0.000050	0.000560
3.0	25.0	-80.000000	-10.000000	-0.000090	0.000510
4.0	25.0	-70.000000	-10.000000	-0.000040	0.000520
5.0	25.0	-60.000000	-10.000000	-0.000090	0.000420
6.0	25.0	-50.000000	-10.000000	-0.000120	0.000350
7.0	25.0	-40.000000	-10.000000	-0.000130	0.000280
8.0	25.0	-30.000000	-10.000000	-0.000160	0.000250
9.0	25.0	-20.000000	-10.000000	-0.000180	0.000210
10.0	25.0	-10.000000	-10.000000	-0.000190	0.000180
11.0	25.0	0.000000	-10.000000	-0.000200	0.000120
12.0	25.0	10.000000	-10.000000	-0.000220	0.000120
13.0	25.0	20.000000	-10.000000	-0.000250	0.000110
14.0	25.0	30.000000	-10.000000	-0.000290	0.000080
15.0	25.0	40.000000	-10.000000	-0.000220	0.000010
16.0	25.0	50.000000	-10.000000	-0.000280	-0.000130
17.0	25.0	60.000000	-10.000000	-0.000170	-0.000170
18.0	25.0	70.000000	-10.000000	-0.000140	-0.000220
19.0	25.0	80.000000	-10.000000	-0.000250	-0.000300
20.0	25.0	90.000000	-10.000000	-0.000330	-0.000360
21.0	25.0	100.000000	-10.000000	-0.000430	-0.000400
22.0	25.0	110.000000	-10.000000	-0.000480	-0.000450
23.0	25.0	120.000000	-10.000000	-0.000440	-0.000490
24.0	25.0	130.000000	-10.000000	-0.000390	-0.000510
25.0	25.0	140.000000	-10.000000	-0.000400	-0.000580
26.0	25.0	150.000000	-10.000000	-0.000450	-0.000660
27.0	25.0	160.000000	-10.000000	-0.000480	-0.000740
28.0	25.0	170.000000	-10.000000	-0.000490	-0.000810
29.0	25.0	180.000000	-10.000000	-0.000500	-0.000870
30.0	25.0	190.000000	-10.000000	-0.000520	-0.000920
31.0	25.0	200.000000	-10.000000	-0.000600	-0.000970
32.0	25.0	210.000000	-10.000000	-0.000660	-0.001090
33.0	25.0	220.000000	-10.000000	-0.000680	-0.001200
34.0	25.0	230.000000	-10.000000	-0.000710	-0.001220
35.0	25.0	240.000000	-10.000000	-0.000730	-0.001200
36.0	25.0	250.000000	-10.000000	-0.000870	-0.001180
1.0	26.0	-100.000000	0.000000	0.000030	0.000670
2.0	26.0	-90.000000	0.000000	-0.000050	0.000590
3.0	26.0	-80.000000	0.000000	-0.000050	0.000510
4.0	26.0	-70.000000	0.000000	-0.000030	0.000450
5.0	26.0	-60.000000	0.000000	-0.000100	0.000380
6.0	26.0	-50.000000	0.000000	-0.000170	0.000320
7.0	26.0	-40.000000	0.000000	-0.000120	0.000280
8.0	26.0	-30.000000	0.000000	-0.000140	0.000240
9.0	26.0	-20.000000	0.000000	-0.000150	0.000230
10.0	26.0	-10.000000	0.000000	-0.000160	0.000220
11.0	26.0	0.000000	0.000000	-0.000150	0.000170
12.0	26.0	10.000000	0.000000	-0.000170	0.000130
13.0	26.0	20.000000	0.000000	-0.000230	0.000090
14.0	26.0	30.000000	0.000000	-0.000260	0.000010
15.0	26.0	40.000000	0.000000	-0.000210	-0.000040
16.0	26.0	50.000000	0.000000	-0.000310	-0.000090
17.0	26.0	60.000000	0.000000	-0.000180	-0.000150
18.0	26.0	70.000000	0.000000	-0.000160	-0.000210
19.0	26.0	80.000000	0.000000	-0.000230	-0.000290
20.0	26.0	90.000000	0.000000	-0.000290	-0.000320
21.0	26.0	100.000000	0.000000	-0.000360	-0.000360
22.0	26.0	110.000000	0.000000	-0.000450	-0.000400
23.0	26.0	120.000000	0.000000	-0.000450	-0.000390
24.0	26.0	130.000000	0.000000	-0.000500	-0.000450
25.0	26.0	140.000000	0.000000	-0.000510	-0.000510
26.0	26.0	150.000000	0.000000	-0.000540	-0.000600
27.0	26.0	160.000000	0.000000	-0.000540	-0.000690
28.0	26.0	170.000000	0.000000	-0.000580	-0.000770
29.0	26.0	180.000000	0.000000	-0.000680	-0.000830
30.0	26.0	190.000000	0.000000	-0.000700	-0.000880
31.0	26.0	200.000000	0.000000	-0.000740	-0.000940
32.0	26.0	210.000000	0.000000	-0.000740	-0.001050
33.0	26.0	220.000000	0.000000	-0.000760	-0.001140
34.0	26.0	230.000000	0.000000	-0.000800	-0.001140
35.0	26.0	240.000000	0.000000	-0.000840	-0.001120
36.0	26.0	250.000000	0.000000	-0.000940	-0.001100
1.0	27.0	-100.000000	10.000000	0.000030	0.000560
2.0	27.0	-90.000000	10.000000	-0.000010	0.000500
3.0	27.0	-80.000000	10.000000	-0.000040	0.000480
4.0	27.0	-70.000000	10.000000	-0.000030	0.000440
5.0	27.0	-60.000000	10.000000	-0.000110	0.000400
6.0	27.0	-50.000000	10.000000	-0.000180	0.000380
7.0	27.0	-40.000000	10.000000	-0.000150	0.000350
8.0	27.0	-30.000000	10.000000	-0.000190	0.000310
9.0	27.0	-20.000000	10.000000	-0.000220	0.000270
10.0	27.0	-10.000000	10.000000	-0.000260	0.000220
11.0	27.0	0.000000	10.000000	-0.000240	0.000160
12.0	27.0	10.000000	10.000000	-0.000260	0.000130
13.0	27.0	20.000000	10.000000	-0.000260	0.000110
14.0	27.0	30.000000	10.000000	-0.000290	0.000080
15.0	27.0	40.000000	10.000000	-0.000250	0.000040
16.0	27.0	50.000000	10.000000	-0.000340	-0.000050
17.0	27.0	60.000000	10.000000	-0.000230	-0.000100
18.0	27.0	70.000000	10.000000	-0.000180	-0.000130
19.0	27.0	80.000000	10.000000	-0.000240	-0.000190
20.0	27.0	90.000000	10.000000	-0.000310	-0.000290
21.0	27.0	100.000000	10.000000	-0.000410	-0.000290
22.0	27.0	110.000000	10.000000	-0.000480	-0.000330
23.0	27.0	120.000000	10.000000	-0.000490	-0.000390
24.0	27.0	130.000000	10.000000	-0.000550	-0.000440
25.0	27.0	140.000000	10.000000	-0.000520	-0.000490
26.0	27.0	150.000000	10.000000	-0.000550	-0.000570
27.0	27.0	160.000000	10.000000	-0.000550	-0.000660
28.0	27.0	170.000000	10.000000	-0.000600	-0.000710
29.0	27.0	180.000000	10.000000	-0.000650	-0.000770
30.0	27.0	190.000000	10.000000	-0.000700	-0.000820
31.0	27.0	200.000000	10.000000	-0.000720	-0.000900
32.0	27.0	210.000000	10.000000	-0.000730	-0.001000
33.0	27.0	220.000000	10.000000	-0.000770	-0.001080
34.0	27.0	230.000000	10.000000	-0.000810	-0.001100
35.0	27.0	240.000000	10.000000	-0.000860	-0.001080
36.0	27.0	250.000000	10.000000	-0.000970	-0.001070
1.0	28.0	-100.000000	20.000000	-0.000130	0.000520
2.0	28.0	-90.000000	20.000000	-0.000180	0.000510
3.0	28.0	-80.000000	20.000000	-0.000210	0.000490
4.0	28.0	-70.000000	20.000000	-0.000150	0.000500
5.0	28.0	-60.000000	20.000000	-0.000220	0.000450
6.0	28.0	-50.000000	20.000000	-0.000310	0.000400
7.0	28.0	-40.000000	20.000000	-0.000260	0.000320
8.0	28.0	-30.000000	20.000000	-0.000320	0.000270
9.0	28.0	-20.000000	20.000000	-0.000300	0.000250
10.0	28.0	-10.000000	20.000000	-0.000260	0.000210
11.0	28.0	0.000000	20.000000	-0.000250	0.000210
12.0	28.0	10.000000	20.000000	-0.000270	0.000210
13.0	28.0	20.000000	20.000000	-0.000290	0.000190
14.0	28.0	30.000000	20.000000	-0.000330	0.000190
15.0	28.0	40.000000	20.000000	-0.000330	0.000120
16.0	28.0	50.000000	20.000000	-0.000430	0.000030
17.0	28.0	60.000000	20.000000	-0.000320	-0.000020
18.0	28.0	70.000000	20.000000	-0.000250	-0.000090
19.0	28.0	80.000000	20.000000	-0.000340	-0.000120
20.0	28.0	90.000000	20.000000	-0.000430	-0.000170
21.0	28.0	100.000000	20.000000	-0.000520	-0.000240
22.0	28.0	110.000000	20.000000	-0.000570	-0.000280
23.0	28.0	120.000000	20.000000	-0.000550	-0.000320
24.0	28.0	130.000000	20.000000	-0.000600	-0.000330
25.0	28.0	140.000000	20.000000	-0.000600	-0.000380
26.0	28.0	150.000000	20.000000	-0.000640	-0.000470
27.0	28.0	160.000000	20.000000	-0.000630	-0.000530
28.0	28.0	170.000000	20.000000	-0.000660	-0.000580
29.0	28.0	180.000000	20.000000	-0.000710	-0.000640
30.0	28.0	190.000000	20.000000	-0.000750	-0.000710
31.0	28.0	200.000000	20.000000	-0.000790	-0.000790
32.0	28.0	210.000000	20.000000	-0.000810	-0.000900
33.0	28.0	220.000000	20.000000	-0.000830	-0.000990
34.0	28.0	230.000000	20.000000	-0.000870	-0.000990
35.0	28.0	240.000000	20.000000	-0.000910	-0.000960
36.0	28.0	250.000000	20.000000	-0.001000	-0.000930
1.0	29.0	-100.000000	30.000000	-0.000070	0.000560
2.0	29.0	-90.000000	30.000000	-0.000160	0.000490
3.0	29.0	-80.000000	30.000000	-0.000200	0.000500
4.0	29.0	-70.000000	30.000000	-0.000160	0.000460
5.0	29.0	-60.000000	30.000000	-0.000190	0.000400
6.0	29.0	-50.000000	30.000000	-0.000270	0.000370
7.0	29.0	-40.000000	30.000000	-0.000240	0.000340
8.0	29.0	-30.000000	30.000000	-0.000320	0.000300
9.0	29.0	-20.000000	30.000000	-0.000350	0.000310
10.0	29.0	-10.000000	30.000000	-0.000350	0.000260
11.0	29.0	0.000000	30.000000	-0.000370	0.000240
12.0	29.0	10.000000	30.000000	-0.000380	0.000230
13.0	29.0	20.000000	30.000000	-0.000430	0.000180
14.0	29.0	30.000000	30.000000	-0.000450	0.000090
15.0	29.0	40.000000	30.000000	-0.000450	0.000030
16.0	29.0	50.000000	30.000000	-0.000490	-0.000030
17.0	29.0	60.000000	30.000000	-0.000380	-0.000060
18.0	29.0	70.000000	30.000000	-0.000350	-0.000090
19.0	29.0	80.000000	30.000000	-0.000450	-0.000100
20.0	29.0	90.000000	30.000000	-0.000520	-0.000120
21.0	29.0	100.000000	30.000000	-0.000530	-0.000190
22.0	29.0	110.000000	30.000000	-0.000580	-0.000220
23.0	29.0	120.000000	30.000000	-0.000560	-0.000280
24.0	29.0	130.000000	30.000000	-0.000610	-0.000310
25.0	29.0	140.000000	30.000000	-0.000640	-0.000360
26.0	29.0	150.000000	30.000000	-0.000680	-0.000430
27.0	29.0	160.000000	30.000000	-0.000670	-0.000540
28.0	29.0	170.000000	30.000000	-0.000650	-0.000590
29.0	29.0	180.000000	30.000000	-0.000700	-0.000640
30.0	29.0	190.000000	30.000000	-0.000730	-0.000660
31.0	29.0	200.000000	30.000000	-0.000770	-0.000720
32.0	29.0	210.000000	30.000000	-0.000800	-0.000830
33.0	29.0	220.000000	30.000000	-0.000830	-0.000910
34.0	29.0	230.000000	30.000000	-0.000890	-0.000910
35.0	29.0	240.000000	30.000000	-0.000920	-0.000880
36.0	29.0	250.000000	30.000000	-0.001060	-0.000850
1.0	30.0	-100.000000	40.000000	-0.000120	0.000520
2.0	30.0	-90.000000	40.000000	-0.000190	0.000470
3.0	30.0	-80.000000	40.000000	-0.000250	0.000410
4.0	30.0	-70.000000	40.000000	-0.000250	0.000390
5.0	30.0	-60.000000	40.000000	-0.000290	0.000390
6.0	30.0	-50.000000	40.000000	-0.000390	0.000350
7.0	30.0	-40.000000	40.000000	-0.000360	0.000310
8.0	30.0	-30.000000	40.000000	-0.000390	0.000270
9.0	30.0	-20.000000	40.000000	-0.000370	0.000260
10.0	30.0	-10.000000	40.000000	-0.000370	0.000290
11.0	30.0	0.000000	40.000000	-0.000400	0.000270
12.0	30.0	10.000000	40.000000	-0.000440	0.000230
13.0	30.0	20.000000	40.000000	-0.000440	0.000170
14.0	30.0	30.000000	40.000000	-0.000430	0.000150
15.0	30.0	40.000000	40.000000	-0.000380	0.000100
16.0	30.0	50.000000	40.000000	-0.000530	0.000070
17.0	30.0	60.000000	40.000000	-0.000450	0.000020
18.0	30.0	70.000000	40.000000	-0.000420	-0.000020
19.0	30.0	80.000000	40.000000	-0.000490	-0.000090
20.0	30.0	90.000000	40.000000	-0.000520	-0.000130
21.0	30.0	100.000000	40.000000	-0.000580	-0.000170
22.0	30.0	110.000000	40.000000	-0.000640	-0.000190
23.0	30.0	120.000000	40.000000	-0.000650	-0.000240
24.0	30.0	130.000000	40.000000	-0.000680	-0.000290
25.0	30.0	140.000000	40.000000	-0.000670	-0.000330
26.0	30.0	150.000000	40.000000	-0.000730	-0.000370
27.0	30.0	160.000000	40.000000	-0.000770	-0.000430
28.0	30.0	170.000000	40.000000	-0.000750	-0.000480
29.0	30.0	180.000000	40.000000	-0.000780	-0.000540
30.0	30.0	190.000000	40.000000	-0.000790	-0.000570
31.0	30.0	200.000000	40.000000	-0.000870	-0.000640
32.0	30.0	210.000000	40.000000	-0.000890	-0.000750
33.0	30.0	220.000000	40.000000	-0.000930	-0.000840
34.0	30.0	230.000000	40.000000	-0.000960	-0.000810
35.0	30.0	240.000000	40.000000	-0.001020	-0.000770
36.0	30.0	250.000000	40.000000	-0.001140	-0.000750
1.0	31.0	-100.000000	50.000000	-0.000240	0.000360
2.0	31.0	-90.000000	50.000000	-0.000290	0.000370
3.0	31.0	-80.000000	50.000000	-0.000290	0.000380
4.0	31.0	-70.000000	50.000000	-0.000280	0.000360
5.0	31.0	-60.000000	50.000000	-0.000320	0.000330
6.0	31.0	-50.000000	50.000000	-0.000360	0.000250
7.0	31.0	-40.000000	50.000000	-0.000330	0.000230
8.0	31.0	-30.000000	50.000000	-0.000400	0.000220
9.0	31.0	-20.000000	50.000000	-0.000390	0.000160
10.0	31.0	-10.000000	50.000000	-0.000410	0.000140
11.0	31.0	0.000000	50.000000	-0.000430	0.000140
12.0	31.0	10.000000	50.000000	-0.000450	0.000130
13.0	31.0	20.000000	50.000000	-0.000420	0.000110
14.0	31.0	30.000000	50.000000	-0.000460	0.000060
15.0	31.0	40.000000	50.000000	-0.000390	0.000010
16.0	31.0	50.000000	50.000000	-0.000510	-0.000040
17.0	31.0	60.000000	50.000000	-0.000420	-0.000010
18.0	31.0	70.000000	50.000000	-0.000400	-0.000040
19.0	31.0	80.000000	50.000000	-0.000520	-0.000090
20.0	31.0	90.000000	50.000000	-0.000570	-0.000110
21.0	31.0	100.000000	50.000000	-0.000630	-0.000160
22.0	31.0	110.000000	50.000000	-0.000640	-0.000210
23.0	31.0	120.000000	50.000000	-0.000580	-0.000250
24.0	31.0	130.000000	50.000000	-0.000620	-0.000300
25.0	31.0	140.000000	50.000000	-0.000680	-0.000300
26.0	31.0	150.000000	50.000000	-0.000730	-0.000350
27.0	31.0	160.000000	50.000000	-0.000780	-0.000390
28.0	31.0	170.000000	50.000000	-0.000800	-0.000420
29.0	31.0	180.000000	50.000000	-0.000830	-0.000470
30.0	31.0	190.000000	50.000000	-0.000860	-0.000490
31.0	31.0	200.000000	50.000000	-0.000930	-0.000540
32.0	31.0	210.000000	50.000000	-0.000960	-0.000650
33.0	31.0	220.000000	50.000000	-0.000980	-0.000730
34.0	31.0	230.000000	50.000000	-0.001030	-0.000690
35.0	31.0	240.000000	50.000000	-0.001080	-0.000640
36.0	31.0	250.000000	50.000000	-0.001180	-0.000610
1.0	32.0	-100.000000	60.000000	-0.000310	0.000330
2.0	32.0	-90.000000	60.000000	-0.000350	0.000330
3.0	32.0	-80.000000	60.000000	-0.000390	0.000290
4.0	32.0	-70.000000	60.000000	-0.000370	0.000290
5.0	32.0	-60.000000	60.000000	-0.000410	0.000260
6.0	32.0	-50.000000	60.000000	-0.000500	0.000220
7.0	32.0	-40.000000	60.000000	-0.000470	0.000200
8.0	32.0	-30.000000	60.000000	-0.000530	0.000180
9.0	32.0	-20.000000	60.000000	-0.000500	0.000180
10.0	32.0	-10.000000	60.000000	-0.000480	0.000120
11.0	32.0	0.000000	60.000000	-0.000500	0.000110
12.0	32.0	10.000000	60.000000	-0.000540	0.000110
13.0	32.0	20.000000	60.000000	-0.000540	0.000110
14.0	32.0	30.000000	60.000000	-0.000570	0.000080
15.0	32.0	40.000000	60.000000	-0.000560	0.000040
16.0	32.0	50.000000	60.000000	-0.000640	0.000030
17.0	32.0	60.000000	60.000000	-0.000510	-0.000010
18.0	32.0	70.000000	60.000000	-0.000470	-0.000060
19.0	32.0	80.000000	60.000000	-0.000590	-0.000130
20.0	32.0	90.000000	60.000000	-0.000640	-0.000140
21.0	32.0	100.000000	60.000000	-0.000690	-0.000170
22.0	32.0	110.000000	60.000000	-0.000720	-0.000270
23.0	32.0	120.000000	60.000000	-0.000730	-0.000290
24.0	32.0	130.000000	60.000000	-0.000750	-0.000320
25.0	32.0	140.000000	60.000000	-0.000750	-0.000300
26.0	32.0	150.000000	60.000000	-0.000810	-0.000360
27.0	32.0	160.000000	60.000000	-0.000840	-0.000390
28.0	32.0	170.000000	60.000000	-0.000840	-0.000420
29.0	32.0	180.000000	60.000000	-0.000880	-0.000470
30.0	32.0	190.000000	60.000000	-0.000910	-0.000480
31.0	32.0	200.000000	60.000000	-0.000970	-0.000530
32.0	32.0	210.000000	60.000000	-0.001010	-0.000600
33.0	32.0	220.000000	60.000000	-0.001060	-0.000670
34.0	32.0	230.000000	60.000000	-0.001100	-0.000640
35.0	32.0	240.000000	60.000000	-0.001140	-0.000590
36.0	32.0	250.000000	60.000000	-0.001260	-0.000560
1.0	33.0	-100.000000	70.000000	-0.000330	0.000270
2.0	33.0	-90.000000	70.000000	-0.000450	0.000270
3.0	33.0	-80.000000	70.000000	-0.000460	0.000260
4.0	33.0	-70.000000	70.000000	-0.000410	0.000230
5.0	33.0	-60.000000	70.000000	-0.000470	0.000200
6.0	33.0	-50.000000	70.000000	-0.000510	0.000180
7.0	33.0	-40.000000	70.000000	-0.000490	0.000180
8.0	33.0	-30.000000	70.000000	-0.000550	0.000150
9.0	33.0	-20.000000	70.000000	-0.000550	0.000150
10.0	33.0	-10.000000	70.000000	-0.000540	0.000140
11.0	33.0	0.000000	70.000000	-0.000560	0.000110
12.0	33.0	10.000000	70.000000	-0.000600	0.000110
13.0	33.0	20.000000	70.000000	-0.000630	0.000090
14.0	33.0	30.000000	70.000000	-0.000670	0.000170
15.0	33.0	40.000000	70.000000	-0.000640	0.000120
16.0	33.0	50.000000	70.000000	-0.000730	0.000070
17.0	33.0	60.000000	70.000000	-0.000630	0.000030
18.0	33.0	70.000000	70.000000	-0.000620	0.000000
19.0	33.0	80.000000	70.000000	-0.000720	-0.000040
20.0	33.0	90.000000	70.000000	-0.000780	-0.000080
21.0	33.0	100.000000	70.000000	-0.000840	-0.000100
22.0	33.0	110.000000	70.000000	-0.000900	-0.000130
23.0	33.0	120.000000	70.000000	-0.000890	-0.000180
24.0	33.0	130.000000	70.000000	-0.000880	-0.000170
25.0	33.0	140.000000	70.000000	-0.000880	-0.000200
26.0	33.0	150.000000	70.000000	-0.000920	-0.000200
27.0	33.0	160.000000	70.000000	-0.000900	-0.000260
28.0	33.0	170.000000	70.000000	-0.000930	-0.000290
29.0	33.0	180.000000	70.000000	-0.000990	-0.000330
30.0	33.0	190.000000	70.000000	-0.001020	-0.000360
31.0	33.0	200.000000	70.000000	-0.001060	-0.000410
32.0	33.0	210.000000	70.000000	-0.001090	-0.000500
33.0	33.0	220.000000	70.000000	-0.001120	-0.000570
34.0	33.0	230.000000	70.000000	-0.001170	-0.000540
35.0	33.0	240.000000	70.000000	-0.001230	-0.000480
36.0	33.0	250.000000	70.000000	-0.001340	-0.000440
1.0	34.0	-100.000000	80.000000	-0.000460	0.000300
2.0	34.0	-90.000000	80.000000	-0.000560	0.000250
3.0	34.0	-80.000000	80.000000	-0.000550	0.000250
4.0	34.0	-70.000000	80.000000	-0.000500	0.000230
5.0	34.0	-60.000000	80.000000	-0.000580	0.000230
6.0	34.0	-50.000000	80.000000	-0.000670	0.000200
7.0	34.0	-40.000000	80.000000	-0.000630	0.000160
8.0	34.0	-30.000000	80.000000	-0.000680	0.000160
9.0	34.0	-20.000000	80.000000	-0.000670	0.000080
10.0	34.0	-10.000000	80.000000	-0.000680	0.000090
11.0	34.0	0.000000	80.000000	-0.000680	0.000070
12.0	34.0	10.000000	80.000000	-0.000690	0.000100
13.0	34.0	20.000000	80.000000	-0.000700	0.000070
14.0	34.0	30.000000	80.000000	-0.000710	0.000030
15.0	34.0	40.000000	80.000000	-0.000650	0.000020
16.0	34.0	50.000000	80.000000	-0.000720	-0.000010
17.0	34.0	60.000000	80.000000	-0.000630	-0.000030
18.0	34.0	70.000000	80.000000	-0.000630	-0.000070
19.0	34.0	80.000000	80.000000	-0.000740	-0.000080
20.0	34.0	90.000000	80.000000	-0.000850	-0.000030
21.0	34.0	100.000000	80.000000	-0.000940	-0.000030
22.0	34.0	110.000000	80.000000	-0.000970	-0.000040
23.0	34.0	120.000000	80.000000	-0.000940	-0.000060
24.0	34.0	130.000000	80.000000	-0.000960	-0.000050
25.0	34.0	140.000000	80.000000	-0.000970	-0.000050
26.0	34.0	150.000000	80.000000	-0.001000	-0.000110
27.0	34.0	160.000000	80.000000	-0.001020	-0.000160
28.0	34.0	170.000000	80.000000	-0.001080	-0.000190
29.0	34.0	180.000000	80.000000	-0.001160	-0.000220
30.0	34.0	190.000000	80.000000	-0.001190	-0.000230
31.0	34.0	200.000000	80.000000	-0.001230	-0.000250
32.0	34.0	210.000000	80.000000	-0.001280	-0.000290
33.0	34.0	220.000000	80.000000	-0.001300	-0.000340
34.0	34.0	230.000000	80.000000	-0.001350	-0.000340
35.0	34.0	240.000000	80.000000	-0.001400	-0.000320
36.0	34.0	250.000000	80.000000	-0.001490	-0.000300
1.0	35.0	-100.000000	90.000000	-0.000590	0.000120
2.0	35.0	-90.000000	90.000000	-0.000690	0.000120
3.0	35.0	-80.000000	90.000000	-0.000700	0.000140
4.0	35.0	-70.000000	90.000000	-0.000670	0.000120
5.0	35.0	-60.000000	90.000000	-0.000760	0.000120
6.0	35.0	-50.000000	90.000000	-0.000830	0.000100
7.0	35.0	-40.000000	90.000000	-0.000770	0.000110
8.0	35.0	-30.000000	90.000000	-0.000800	0.000160
9.0	35.0	-20.000000	90.000000	-0.000760	0.000160
10.0	35.0	-10.000000	90.000000	-0.000740	0.000090
11.0	35.0	0.000000	90.000000	-0.000730	0.000100
12.0	35.0	10.000000	90.000000	-0.000750	0.000120
13.0	35.0	20.000000	90.000000	-0.000780	0.000120
14.0	35.0	30.000000	90.000000	-0.000810	0.000140
15.0	35.0	40.000000	90.000000	-0.000760	0.000110
16.0	35.0	50.000000	90.000000	-0.000850	0.000050
17.0	35.0	60.000000	90.000000	-0.000750	0.000040
18.0	35.0	70.000000	90.000000	-0.000770	0.000020
19.0	35.0	80.000000	90.000000	-0.000840	0.000000
20.0	35.0	90.000000	90.000000	-0.000920	0.000040
21.0	35.0	100.000000	90.000000	-0.001010	0.000060
22.0	35.0	110.000000	90.000000	-0.001040	0.000060
23.0	35.0	120.000000	90.000000	-0.000990	-0.000060
24.0	35.0	130.000000	90.000000	-0.000980	-0.000050
25.0	35.0	140.000000	90.000000	-0.001000	-0.000080
26.0	35.0	150.000000	90.000000	-0.001050	-0.000080
27.0	35.0	160.000000	90.000000	-0.001070	-0.000120
28.0	35.0	170.000000	90.000000	-0.001090	-0.000130
29.0	35.0	180.000000	90.000000	-0.001120	-0.000150
30.0	35.0	190.000000	90.000000	-0.001170	-0.000150
31.0	35.0	200.000000	90.000000	-0.001210	-0.000190
32.0	35.0	210.000000	90.000000	-0.001260	-0.000270
33.0	35.0	220.000000	90.000000	-0.001300	-0.000330
34.0	35.0	230.000000	90.000000	-0.001330	-0.000290
35.0	35.0	240.000000	90.000000	-0.001400	-0.000210
36.0	35.0	250.000000	90.000000	-0.001500	-0.000160
1.0	36.0	-100.000000	100.000000	-0.000750	0.000090
2.0	36.0	-90.000000	100.000000	-0.000830	0.000120
3.0	36.0	-80.000000	100.000000	-0.000810	0.000150
4.0	36.0	-70.000000	100.000000	-0.000820	0.000110
5.0	36.0	-60.000000	100.000000	-0.000890	0.000130
6.0	36.0	-50.000000	100.000000	-0.000980	0.000110
7.0	36.0	-40.000000	100.000000	-0.000920	0.000120
8.0	36.0	-30.000000	100.000000	-0.000940	0.000140
9.0	36.0	-20.000000	100.000000	-0.000930	0.000170
10.0	36.0	-10.000000	100.000000	-0.000890	0.000140
11.0	36.0	0.000000	100.000000	-0.000900	0.000090
12.0	36.0	10.000000	100.000000	-0.000970	0.000130
13.0	36.0	20.000000	100.000000	-0.001000	0.000170
14.0	36.0	30.000000	100.000000	-0.001030	0.000140
15.0	36.0	40.000000	100.000000	-0.000990	0.000140
16.0	36.0	50.000000	100.000000	-0.001070	0.000130
17.0	36.0	60.000000	100.000000	-0.000990	0.000100
18.0	36.0	70.000000	100.000000	-0.000980	0.000110
19.0	36.0	80.000000	100.000000	-0.001060	0.000060
20.0	36.0	90.000000	100.000000	-0.001060	0.000100
21.0	36.0	100.000000	100.000000	-0.001110	0.000090
22.0	36.0	110.000000	100.000000	-0.001150	0.000080
23.0	36.0	120.000000	100.000000	-0.001140	0.000080
24.0	36.0	130.000000	100.000000	-0.001200	0.000060
25.0	36.0	140.000000	100.000000	-0.001230	0.000030
26.0	36.0	150.000000	100.000000	-0.001260	0.000010
27.0	36.0	160.000000	100.000000	-0.001260	-0.000040
28.0	36.0	170.000000	100.000000	-0.001280	-0.000050
29.0	36.0	180.000000	100.000000	-0.001330	-0.000070
30.0	36.0	190.000000	100.000000	-0.001370	-0.000080
31.0	36.0	200.000000	100.000000	-0.001410	-0.000110
32.0	36.0	210.000000	100.000000	-0.001400	-0.000180
33.0	36.0	220.000000	100.000000	-0.001430	-0.000230
34.0	36.0	230.000000	100.000000	-0.001470	-0.000180
35.0	36.0	240.000000	100.000000	-0.001500	-0.000130
36.0	36.0	250.000000	100.000000	-0.001610	-0.000100
