%SerialNumber: 642583-1-1
%Ax1Name: Y; Ax1Num: 1; Ax1Sign: 1; Ax1Slave: 0
%Ax2Name: X; Ax2Num: 3; Ax2Sign: 1; Ax2Slave: 0
%UserUnits: MM
%Operator: BJL; Model: PlanarHD-500-500-ES20058; AirTemp: 21.24; MatTemp: 21.39; expandCoef: 0.0; Comment: 2D Calibration Zone4
% Ax1TestLoc Ax2TestLoc Ax1CmdPos Ax2CmdPos Ax1RelErr Ax2RelErr
%
1.0	1.0	-100.000000	-100.000000	-0.000500	0.001590
2.0	1.0	-90.000000	-100.000000	-0.000550	0.001450
3.0	1.0	-80.000000	-100.000000	-0.000590	0.001340
4.0	1.0	-70.000000	-100.000000	-0.000520	0.001190
5.0	1.0	-60.000000	-100.000000	-0.000570	0.000980
6.0	1.0	-50.000000	-100.000000	-0.000660	0.000770
7.0	1.0	-40.000000	-100.000000	-0.000640	0.000590
8.0	1.0	-30.000000	-100.000000	-0.000730	0.000440
9.0	1.0	-20.000000	-100.000000	-0.000650	0.000280
10.0	1.0	-10.000000	-100.000000	-0.000640	0.000180
11.0	1.0	0.000000	-100.000000	-0.000660	0.000070
12.0	1.0	10.000000	-100.000000	-0.000670	-0.000060
13.0	1.0	20.000000	-100.000000	-0.000700	-0.000220
14.0	1.0	30.000000	-100.000000	-0.000750	-0.000350
15.0	1.0	40.000000	-100.000000	-0.000690	-0.000470
16.0	1.0	50.000000	-100.000000	-0.000780	-0.000650
17.0	1.0	60.000000	-100.000000	-0.000710	-0.000860
18.0	1.0	70.000000	-100.000000	-0.000630	-0.001000
19.0	1.0	80.000000	-100.000000	-0.000690	-0.001160
20.0	1.0	90.000000	-100.000000	-0.000750	-0.001320
21.0	1.0	100.000000	-100.000000	-0.000810	-0.001460
22.0	1.0	110.000000	-100.000000	-0.000850	-0.001610
23.0	1.0	120.000000	-100.000000	-0.000810	-0.001760
24.0	1.0	130.000000	-100.000000	-0.000840	-0.001910
25.0	1.0	140.000000	-100.000000	-0.000820	-0.002070
26.0	1.0	150.000000	-100.000000	-0.000820	-0.002240
27.0	1.0	160.000000	-100.000000	-0.000810	-0.002390
28.0	1.0	170.000000	-100.000000	-0.000820	-0.002520
29.0	1.0	180.000000	-100.000000	-0.000870	-0.002670
30.0	1.0	190.000000	-100.000000	-0.000900	-0.002820
31.0	1.0	200.000000	-100.000000	-0.000960	-0.002990
32.0	1.0	210.000000	-100.000000	-0.000960	-0.003200
33.0	1.0	220.000000	-100.000000	-0.001000	-0.003390
34.0	1.0	230.000000	-100.000000	-0.001060	-0.003490
35.0	1.0	240.000000	-100.000000	-0.001120	-0.003560
36.0	1.0	250.000000	-100.000000	-0.001220	-0.003630
1.0	2.0	-100.000000	-90.000000	-0.000410	0.001560
2.0	2.0	-90.000000	-90.000000	-0.000500	0.001460
3.0	2.0	-80.000000	-90.000000	-0.000480	0.001350
4.0	2.0	-70.000000	-90.000000	-0.000470	0.001160
5.0	2.0	-60.000000	-90.000000	-0.000530	0.000990
6.0	2.0	-50.000000	-90.000000	-0.000610	0.000810
7.0	2.0	-40.000000	-90.000000	-0.000560	0.000650
8.0	2.0	-30.000000	-90.000000	-0.000580	0.000480
9.0	2.0	-20.000000	-90.000000	-0.000590	0.000320
10.0	2.0	-10.000000	-90.000000	-0.000560	0.000160
11.0	2.0	0.000000	-90.000000	-0.000580	0.000030
12.0	2.0	10.000000	-90.000000	-0.000640	-0.000110
13.0	2.0	20.000000	-90.000000	-0.000670	-0.000240
14.0	2.0	30.000000	-90.000000	-0.000710	-0.000380
15.0	2.0	40.000000	-90.000000	-0.000620	-0.000520
16.0	2.0	50.000000	-90.000000	-0.000690	-0.000640
17.0	2.0	60.000000	-90.000000	-0.000580	-0.000850
18.0	2.0	70.000000	-90.000000	-0.000540	-0.001010
19.0	2.0	80.000000	-90.000000	-0.000590	-0.001210
20.0	2.0	90.000000	-90.000000	-0.000650	-0.001360
21.0	2.0	100.000000	-90.000000	-0.000740	-0.001470
22.0	2.0	110.000000	-90.000000	-0.000780	-0.001560
23.0	2.0	120.000000	-90.000000	-0.000770	-0.001760
24.0	2.0	130.000000	-90.000000	-0.000820	-0.001910
25.0	2.0	140.000000	-90.000000	-0.000800	-0.002050
26.0	2.0	150.000000	-90.000000	-0.000820	-0.002170
27.0	2.0	160.000000	-90.000000	-0.000810	-0.002320
28.0	2.0	170.000000	-90.000000	-0.000780	-0.002450
29.0	2.0	180.000000	-90.000000	-0.000800	-0.002610
30.0	2.0	190.000000	-90.000000	-0.000860	-0.002760
31.0	2.0	200.000000	-90.000000	-0.000900	-0.002920
32.0	2.0	210.000000	-90.000000	-0.000940	-0.003140
33.0	2.0	220.000000	-90.000000	-0.000970	-0.003330
34.0	2.0	230.000000	-90.000000	-0.000990	-0.003430
35.0	2.0	240.000000	-90.000000	-0.001030	-0.003530
36.0	2.0	250.000000	-90.000000	-0.001160	-0.003630
1.0	3.0	-100.000000	-80.000000	-0.000350	0.001650
2.0	3.0	-90.000000	-80.000000	-0.000510	0.001580
3.0	3.0	-80.000000	-80.000000	-0.000470	0.001400
4.0	3.0	-70.000000	-80.000000	-0.000450	0.001190
5.0	3.0	-60.000000	-80.000000	-0.000520	0.001020
6.0	3.0	-50.000000	-80.000000	-0.000610	0.000840
7.0	3.0	-40.000000	-80.000000	-0.000550	0.000680
8.0	3.0	-30.000000	-80.000000	-0.000620	0.000510
9.0	3.0	-20.000000	-80.000000	-0.000590	0.000330
10.0	3.0	-10.000000	-80.000000	-0.000590	0.000180
11.0	3.0	0.000000	-80.000000	-0.000620	0.000000
12.0	3.0	10.000000	-80.000000	-0.000640	-0.000140
13.0	3.0	20.000000	-80.000000	-0.000670	-0.000290
14.0	3.0	30.000000	-80.000000	-0.000700	-0.000460
15.0	3.0	40.000000	-80.000000	-0.000650	-0.000590
16.0	3.0	50.000000	-80.000000	-0.000740	-0.000700
17.0	3.0	60.000000	-80.000000	-0.000620	-0.000800
18.0	3.0	70.000000	-80.000000	-0.000550	-0.000940
19.0	3.0	80.000000	-80.000000	-0.000600	-0.001140
20.0	3.0	90.000000	-80.000000	-0.000660	-0.001310
21.0	3.0	100.000000	-80.000000	-0.000740	-0.001460
22.0	3.0	110.000000	-80.000000	-0.000730	-0.001600
23.0	3.0	120.000000	-80.000000	-0.000680	-0.001790
24.0	3.0	130.000000	-80.000000	-0.000660	-0.001900
25.0	3.0	140.000000	-80.000000	-0.000530	-0.002110
26.0	3.0	150.000000	-80.000000	-0.000570	-0.002260
27.0	3.0	160.000000	-80.000000	-0.000580	-0.002430
28.0	3.0	170.000000	-80.000000	-0.000570	-0.002550
29.0	3.0	180.000000	-80.000000	-0.000580	-0.002680
30.0	3.0	190.000000	-80.000000	-0.000610	-0.002800
31.0	3.0	200.000000	-80.000000	-0.000650	-0.002940
32.0	3.0	210.000000	-80.000000	-0.000690	-0.003160
33.0	3.0	220.000000	-80.000000	-0.000740	-0.003370
34.0	3.0	230.000000	-80.000000	-0.000800	-0.003490
35.0	3.0	240.000000	-80.000000	-0.000860	-0.003560
36.0	3.0	250.000000	-80.000000	-0.000980	-0.003620
1.0	4.0	-100.000000	-70.000000	-0.000370	0.001560
2.0	4.0	-90.000000	-70.000000	-0.000510	0.001530
3.0	4.0	-80.000000	-70.000000	-0.000520	0.001420
4.0	4.0	-70.000000	-70.000000	-0.000480	0.001190
5.0	4.0	-60.000000	-70.000000	-0.000510	0.001090
6.0	4.0	-50.000000	-70.000000	-0.000570	0.000880
7.0	4.0	-40.000000	-70.000000	-0.000510	0.000720
8.0	4.0	-30.000000	-70.000000	-0.000540	0.000550
9.0	4.0	-20.000000	-70.000000	-0.000520	0.000380
10.0	4.0	-10.000000	-70.000000	-0.000510	0.000220
11.0	4.0	0.000000	-70.000000	-0.000530	0.000100
12.0	4.0	10.000000	-70.000000	-0.000550	0.000060
13.0	4.0	20.000000	-70.000000	-0.000570	-0.000080
14.0	4.0	30.000000	-70.000000	-0.000610	-0.000220
15.0	4.0	40.000000	-70.000000	-0.000530	-0.000410
16.0	4.0	50.000000	-70.000000	-0.000590	-0.000580
17.0	4.0	60.000000	-70.000000	-0.000470	-0.000740
18.0	4.0	70.000000	-70.000000	-0.000390	-0.000970
19.0	4.0	80.000000	-70.000000	-0.000480	-0.001200
20.0	4.0	90.000000	-70.000000	-0.000520	-0.001320
21.0	4.0	100.000000	-70.000000	-0.000600	-0.001460
22.0	4.0	110.000000	-70.000000	-0.000640	-0.001590
23.0	4.0	120.000000	-70.000000	-0.000630	-0.001790
24.0	4.0	130.000000	-70.000000	-0.000650	-0.001890
25.0	4.0	140.000000	-70.000000	-0.000630	-0.002100
26.0	4.0	150.000000	-70.000000	-0.000620	-0.002210
27.0	4.0	160.000000	-70.000000	-0.000640	-0.002360
28.0	4.0	170.000000	-70.000000	-0.000650	-0.002510
29.0	4.0	180.000000	-70.000000	-0.000680	-0.002680
30.0	4.0	190.000000	-70.000000	-0.000690	-0.002820
31.0	4.0	200.000000	-70.000000	-0.000770	-0.002980
32.0	4.0	210.000000	-70.000000	-0.000810	-0.003180
33.0	4.0	220.000000	-70.000000	-0.000830	-0.003390
34.0	4.0	230.000000	-70.000000	-0.000860	-0.003500
35.0	4.0	240.000000	-70.000000	-0.000910	-0.003580
36.0	4.0	250.000000	-70.000000	-0.001000	-0.003660
1.0	5.0	-100.000000	-60.000000	-0.000260	0.001620
2.0	5.0	-90.000000	-60.000000	-0.000360	0.001560
3.0	5.0	-80.000000	-60.000000	-0.000350	0.001410
4.0	5.0	-70.000000	-60.000000	-0.000320	0.001220
5.0	5.0	-60.000000	-60.000000	-0.000370	0.001110
6.0	5.0	-50.000000	-60.000000	-0.000490	0.000960
7.0	5.0	-40.000000	-60.000000	-0.000460	0.000800
8.0	5.0	-30.000000	-60.000000	-0.000470	0.000620
9.0	5.0	-20.000000	-60.000000	-0.000480	0.000430
10.0	5.0	-10.000000	-60.000000	-0.000460	0.000270
11.0	5.0	0.000000	-60.000000	-0.000510	0.000110
12.0	5.0	10.000000	-60.000000	-0.000540	-0.000030
13.0	5.0	20.000000	-60.000000	-0.000550	-0.000160
14.0	5.0	30.000000	-60.000000	-0.000550	-0.000330
15.0	5.0	40.000000	-60.000000	-0.000480	-0.000470
16.0	5.0	50.000000	-60.000000	-0.000540	-0.000610
17.0	5.0	60.000000	-60.000000	-0.000400	-0.000750
18.0	5.0	70.000000	-60.000000	-0.000360	-0.000960
19.0	5.0	80.000000	-60.000000	-0.000440	-0.001170
20.0	5.0	90.000000	-60.000000	-0.000500	-0.001310
21.0	5.0	100.000000	-60.000000	-0.000610	-0.001450
22.0	5.0	110.000000	-60.000000	-0.000660	-0.001570
23.0	5.0	120.000000	-60.000000	-0.000650	-0.001720
24.0	5.0	130.000000	-60.000000	-0.000680	-0.001860
25.0	5.0	140.000000	-60.000000	-0.000650	-0.002020
26.0	5.0	150.000000	-60.000000	-0.000660	-0.002170
27.0	5.0	160.000000	-60.000000	-0.000640	-0.002340
28.0	5.0	170.000000	-60.000000	-0.000610	-0.002490
29.0	5.0	180.000000	-60.000000	-0.000660	-0.002660
30.0	5.0	190.000000	-60.000000	-0.000700	-0.002800
31.0	5.0	200.000000	-60.000000	-0.000740	-0.002940
32.0	5.0	210.000000	-60.000000	-0.000750	-0.003160
33.0	5.0	220.000000	-60.000000	-0.000750	-0.003380
34.0	5.0	230.000000	-60.000000	-0.000780	-0.003490
35.0	5.0	240.000000	-60.000000	-0.000860	-0.003560
36.0	5.0	250.000000	-60.000000	-0.000970	-0.003620
1.0	6.0	-100.000000	-50.000000	-0.000080	0.001550
2.0	6.0	-90.000000	-50.000000	-0.000240	0.001500
3.0	6.0	-80.000000	-50.000000	-0.000250	0.001410
4.0	6.0	-70.000000	-50.000000	-0.000200	0.001180
5.0	6.0	-60.000000	-50.000000	-0.000270	0.000970
6.0	6.0	-50.000000	-50.000000	-0.000380	0.000800
7.0	6.0	-40.000000	-50.000000	-0.000320	0.000640
8.0	6.0	-30.000000	-50.000000	-0.000370	0.000490
9.0	6.0	-20.000000	-50.000000	-0.000380	0.000340
10.0	6.0	-10.000000	-50.000000	-0.000390	0.000180
11.0	6.0	0.000000	-50.000000	-0.000400	0.000080
12.0	6.0	10.000000	-50.000000	-0.000420	-0.000020
13.0	6.0	20.000000	-50.000000	-0.000430	-0.000150
14.0	6.0	30.000000	-50.000000	-0.000430	-0.000310
15.0	6.0	40.000000	-50.000000	-0.000380	-0.000470
16.0	6.0	50.000000	-50.000000	-0.000440	-0.000620
17.0	6.0	60.000000	-50.000000	-0.000330	-0.000770
18.0	6.0	70.000000	-50.000000	-0.000330	-0.001030
19.0	6.0	80.000000	-50.000000	-0.000430	-0.001200
20.0	6.0	90.000000	-50.000000	-0.000490	-0.001360
21.0	6.0	100.000000	-50.000000	-0.000550	-0.001470
22.0	6.0	110.000000	-50.000000	-0.000590	-0.001610
23.0	6.0	120.000000	-50.000000	-0.000570	-0.001740
24.0	6.0	130.000000	-50.000000	-0.000610	-0.001870
25.0	6.0	140.000000	-50.000000	-0.000620	-0.002000
26.0	6.0	150.000000	-50.000000	-0.000650	-0.002180
27.0	6.0	160.000000	-50.000000	-0.000640	-0.002350
28.0	6.0	170.000000	-50.000000	-0.000660	-0.002510
29.0	6.0	180.000000	-50.000000	-0.000690	-0.002680
30.0	6.0	190.000000	-50.000000	-0.000740	-0.002830
31.0	6.0	200.000000	-50.000000	-0.000770	-0.002970
32.0	6.0	210.000000	-50.000000	-0.000780	-0.003180
33.0	6.0	220.000000	-50.000000	-0.000790	-0.003370
34.0	6.0	230.000000	-50.000000	-0.000840	-0.003470
35.0	6.0	240.000000	-50.000000	-0.000890	-0.003540
36.0	6.0	250.000000	-50.000000	-0.000990	-0.003610
1.0	7.0	-100.000000	-40.000000	-0.000180	0.001570
2.0	7.0	-90.000000	-40.000000	-0.000250	0.001530
3.0	7.0	-80.000000	-40.000000	-0.000260	0.001430
4.0	7.0	-70.000000	-40.000000	-0.000200	0.001200
5.0	7.0	-60.000000	-40.000000	-0.000260	0.000990
6.0	7.0	-50.000000	-40.000000	-0.000330	0.000860
7.0	7.0	-40.000000	-40.000000	-0.000290	0.000690
8.0	7.0	-30.000000	-40.000000	-0.000340	0.000500
9.0	7.0	-20.000000	-40.000000	-0.000320	0.000340
10.0	7.0	-10.000000	-40.000000	-0.000350	0.000190
11.0	7.0	0.000000	-40.000000	-0.000390	0.000030
12.0	7.0	10.000000	-40.000000	-0.000400	-0.000070
13.0	7.0	20.000000	-40.000000	-0.000410	-0.000190
14.0	7.0	30.000000	-40.000000	-0.000430	-0.000330
15.0	7.0	40.000000	-40.000000	-0.000390	-0.000500
16.0	7.0	50.000000	-40.000000	-0.000460	-0.000620
17.0	7.0	60.000000	-40.000000	-0.000350	-0.000780
18.0	7.0	70.000000	-40.000000	-0.000320	-0.000900
19.0	7.0	80.000000	-40.000000	-0.000360	-0.001040
20.0	7.0	90.000000	-40.000000	-0.000390	-0.001260
21.0	7.0	100.000000	-40.000000	-0.000480	-0.001410
22.0	7.0	110.000000	-40.000000	-0.000530	-0.001550
23.0	7.0	120.000000	-40.000000	-0.000530	-0.001700
24.0	7.0	130.000000	-40.000000	-0.000570	-0.001860
25.0	7.0	140.000000	-40.000000	-0.000580	-0.002010
26.0	7.0	150.000000	-40.000000	-0.000610	-0.002180
27.0	7.0	160.000000	-40.000000	-0.000590	-0.002320
28.0	7.0	170.000000	-40.000000	-0.000610	-0.002450
29.0	7.0	180.000000	-40.000000	-0.000620	-0.002610
30.0	7.0	190.000000	-40.000000	-0.000680	-0.002740
31.0	7.0	200.000000	-40.000000	-0.000750	-0.002890
32.0	7.0	210.000000	-40.000000	-0.000790	-0.003080
33.0	7.0	220.000000	-40.000000	-0.000800	-0.003230
34.0	7.0	230.000000	-40.000000	-0.000870	-0.003320
35.0	7.0	240.000000	-40.000000	-0.000920	-0.003400
36.0	7.0	250.000000	-40.000000	-0.001020	-0.003490
1.0	8.0	-100.000000	-30.000000	-0.000100	0.001610
2.0	8.0	-90.000000	-30.000000	-0.000190	0.001440
3.0	8.0	-80.000000	-30.000000	-0.000220	0.001390
4.0	8.0	-70.000000	-30.000000	-0.000200	0.001210
5.0	8.0	-60.000000	-30.000000	-0.000290	0.001010
6.0	8.0	-50.000000	-30.000000	-0.000330	0.000810
7.0	8.0	-40.000000	-30.000000	-0.000280	0.000630
8.0	8.0	-30.000000	-30.000000	-0.000290	0.000490
9.0	8.0	-20.000000	-30.000000	-0.000260	0.000340
10.0	8.0	-10.000000	-30.000000	-0.000310	0.000180
11.0	8.0	0.000000	-30.000000	-0.000320	0.000050
12.0	8.0	10.000000	-30.000000	-0.000370	-0.000060
13.0	8.0	20.000000	-30.000000	-0.000370	-0.000230
14.0	8.0	30.000000	-30.000000	-0.000330	-0.000370
15.0	8.0	40.000000	-30.000000	-0.000240	-0.000550
16.0	8.0	50.000000	-30.000000	-0.000350	-0.000670
17.0	8.0	60.000000	-30.000000	-0.000250	-0.000840
18.0	8.0	70.000000	-30.000000	-0.000200	-0.001070
19.0	8.0	80.000000	-30.000000	-0.000280	-0.001190
20.0	8.0	90.000000	-30.000000	-0.000370	-0.001280
21.0	8.0	100.000000	-30.000000	-0.000470	-0.001420
22.0	8.0	110.000000	-30.000000	-0.000520	-0.001580
23.0	8.0	120.000000	-30.000000	-0.000490	-0.001680
24.0	8.0	130.000000	-30.000000	-0.000490	-0.001920
25.0	8.0	140.000000	-30.000000	-0.000490	-0.002030
26.0	8.0	150.000000	-30.000000	-0.000550	-0.002180
27.0	8.0	160.000000	-30.000000	-0.000590	-0.002320
28.0	8.0	170.000000	-30.000000	-0.000590	-0.002470
29.0	8.0	180.000000	-30.000000	-0.000630	-0.002620
30.0	8.0	190.000000	-30.000000	-0.000640	-0.002780
31.0	8.0	200.000000	-30.000000	-0.000680	-0.002950
32.0	8.0	210.000000	-30.000000	-0.000740	-0.003140
33.0	8.0	220.000000	-30.000000	-0.000800	-0.003350
34.0	8.0	230.000000	-30.000000	-0.000840	-0.003450
35.0	8.0	240.000000	-30.000000	-0.000890	-0.003520
36.0	8.0	250.000000	-30.000000	-0.000990	-0.003600
1.0	9.0	-100.000000	-20.000000	-0.000180	0.001510
2.0	9.0	-90.000000	-20.000000	-0.000260	0.001510
3.0	9.0	-80.000000	-20.000000	-0.000240	0.001310
4.0	9.0	-70.000000	-20.000000	-0.000200	0.001120
5.0	9.0	-60.000000	-20.000000	-0.000240	0.001000
6.0	9.0	-50.000000	-20.000000	-0.000290	0.000850
7.0	9.0	-40.000000	-20.000000	-0.000200	0.000640
8.0	9.0	-30.000000	-20.000000	-0.000240	0.000480
9.0	9.0	-20.000000	-20.000000	-0.000260	0.000300
10.0	9.0	-10.000000	-20.000000	-0.000290	0.000160
11.0	9.0	0.000000	-20.000000	-0.000310	0.000010
12.0	9.0	10.000000	-20.000000	-0.000330	-0.000130
13.0	9.0	20.000000	-20.000000	-0.000360	-0.000270
14.0	9.0	30.000000	-20.000000	-0.000390	-0.000410
15.0	9.0	40.000000	-20.000000	-0.000350	-0.000590
16.0	9.0	50.000000	-20.000000	-0.000390	-0.000730
17.0	9.0	60.000000	-20.000000	-0.000300	-0.000850
18.0	9.0	70.000000	-20.000000	-0.000210	-0.001010
19.0	9.0	80.000000	-20.000000	-0.000280	-0.001200
20.0	9.0	90.000000	-20.000000	-0.000360	-0.001310
21.0	9.0	100.000000	-20.000000	-0.000450	-0.001470
22.0	9.0	110.000000	-20.000000	-0.000450	-0.001620
23.0	9.0	120.000000	-20.000000	-0.000440	-0.001800
24.0	9.0	130.000000	-20.000000	-0.000480	-0.001920
25.0	9.0	140.000000	-20.000000	-0.000500	-0.002010
26.0	9.0	150.000000	-20.000000	-0.000540	-0.002160
27.0	9.0	160.000000	-20.000000	-0.000510	-0.002330
28.0	9.0	170.000000	-20.000000	-0.000530	-0.002480
29.0	9.0	180.000000	-20.000000	-0.000570	-0.002630
30.0	9.0	190.000000	-20.000000	-0.000620	-0.002800
31.0	9.0	200.000000	-20.000000	-0.000680	-0.002940
32.0	9.0	210.000000	-20.000000	-0.000690	-0.003140
33.0	9.0	220.000000	-20.000000	-0.000720	-0.003330
34.0	9.0	230.000000	-20.000000	-0.000760	-0.003420
35.0	9.0	240.000000	-20.000000	-0.000820	-0.003500
36.0	9.0	250.000000	-20.000000	-0.000920	-0.003600
1.0	10.0	-100.000000	-10.000000	0.000040	0.001530
2.0	10.0	-90.000000	-10.000000	-0.000050	0.001450
3.0	10.0	-80.000000	-10.000000	-0.000120	0.001350
4.0	10.0	-70.000000	-10.000000	-0.000100	0.001190
5.0	10.0	-60.000000	-10.000000	-0.000160	0.000970
6.0	10.0	-50.000000	-10.000000	-0.000180	0.000790
7.0	10.0	-40.000000	-10.000000	-0.000140	0.000630
8.0	10.0	-30.000000	-10.000000	-0.000210	0.000470
9.0	10.0	-20.000000	-10.000000	-0.000180	0.000290
10.0	10.0	-10.000000	-10.000000	-0.000230	0.000150
11.0	10.0	0.000000	-10.000000	-0.000260	0.000000
12.0	10.0	10.000000	-10.000000	-0.000260	-0.000140
13.0	10.0	20.000000	-10.000000	-0.000240	-0.000240
14.0	10.0	30.000000	-10.000000	-0.000250	-0.000400
15.0	10.0	40.000000	-10.000000	-0.000170	-0.000560
16.0	10.0	50.000000	-10.000000	-0.000270	-0.000650
17.0	10.0	60.000000	-10.000000	-0.000160	-0.000800
18.0	10.0	70.000000	-10.000000	-0.000140	-0.000970
19.0	10.0	80.000000	-10.000000	-0.000260	-0.001150
20.0	10.0	90.000000	-10.000000	-0.000310	-0.001300
21.0	10.0	100.000000	-10.000000	-0.000340	-0.001440
22.0	10.0	110.000000	-10.000000	-0.000390	-0.001570
23.0	10.0	120.000000	-10.000000	-0.000430	-0.001690
24.0	10.0	130.000000	-10.000000	-0.000510	-0.001810
25.0	10.0	140.000000	-10.000000	-0.000480	-0.001960
26.0	10.0	150.000000	-10.000000	-0.000500	-0.002170
27.0	10.0	160.000000	-10.000000	-0.000490	-0.002300
28.0	10.0	170.000000	-10.000000	-0.000520	-0.002410
29.0	10.0	180.000000	-10.000000	-0.000570	-0.002580
30.0	10.0	190.000000	-10.000000	-0.000600	-0.002740
31.0	10.0	200.000000	-10.000000	-0.000620	-0.002920
32.0	10.0	210.000000	-10.000000	-0.000690	-0.003130
33.0	10.0	220.000000	-10.000000	-0.000720	-0.003290
34.0	10.0	230.000000	-10.000000	-0.000780	-0.003390
35.0	10.0	240.000000	-10.000000	-0.000820	-0.003450
36.0	10.0	250.000000	-10.000000	-0.000940	-0.003530
1.0	11.0	-100.000000	0.000000	0.000040	0.001480
2.0	11.0	-90.000000	0.000000	-0.000060	0.001420
3.0	11.0	-80.000000	0.000000	-0.000140	0.001340
4.0	11.0	-70.000000	0.000000	-0.000100	0.001150
5.0	11.0	-60.000000	0.000000	-0.000160	0.000970
6.0	11.0	-50.000000	0.000000	-0.000210	0.000830
7.0	11.0	-40.000000	0.000000	-0.000150	0.000660
8.0	11.0	-30.000000	0.000000	-0.000170	0.000490
9.0	11.0	-20.000000	0.000000	-0.000180	0.000310
10.0	11.0	-10.000000	0.000000	-0.000180	0.000180
11.0	11.0	0.000000	0.000000	-0.000190	0.000030
12.0	11.0	10.000000	0.000000	-0.000180	-0.000040
13.0	11.0	20.000000	0.000000	-0.000220	-0.000160
14.0	11.0	30.000000	0.000000	-0.000210	-0.000270
15.0	11.0	40.000000	0.000000	-0.000140	-0.000380
16.0	11.0	50.000000	0.000000	-0.000220	-0.000520
17.0	11.0	60.000000	0.000000	-0.000130	-0.000720
18.0	11.0	70.000000	0.000000	-0.000080	-0.000870
19.0	11.0	80.000000	0.000000	-0.000150	-0.001030
20.0	11.0	90.000000	0.000000	-0.000240	-0.001160
21.0	11.0	100.000000	0.000000	-0.000320	-0.001290
22.0	11.0	110.000000	0.000000	-0.000380	-0.001460
23.0	11.0	120.000000	0.000000	-0.000380	-0.001680
24.0	11.0	130.000000	0.000000	-0.000410	-0.001890
25.0	11.0	140.000000	0.000000	-0.000390	-0.002020
26.0	11.0	150.000000	0.000000	-0.000430	-0.002150
27.0	11.0	160.000000	0.000000	-0.000450	-0.002290
28.0	11.0	170.000000	0.000000	-0.000460	-0.002440
29.0	11.0	180.000000	0.000000	-0.000500	-0.002610
30.0	11.0	190.000000	0.000000	-0.000550	-0.002760
31.0	11.0	200.000000	0.000000	-0.000610	-0.002920
32.0	11.0	210.000000	0.000000	-0.000640	-0.003140
33.0	11.0	220.000000	0.000000	-0.000680	-0.003310
34.0	11.0	230.000000	0.000000	-0.000710	-0.003410
35.0	11.0	240.000000	0.000000	-0.000740	-0.003470
36.0	11.0	250.000000	0.000000	-0.000830	-0.003540
1.0	12.0	-100.000000	10.000000	0.000130	0.001440
2.0	12.0	-90.000000	10.000000	0.000060	0.001330
3.0	12.0	-80.000000	10.000000	0.000060	0.001240
4.0	12.0	-70.000000	10.000000	0.000060	0.001150
5.0	12.0	-60.000000	10.000000	-0.000030	0.000980
6.0	12.0	-50.000000	10.000000	-0.000090	0.000850
7.0	12.0	-40.000000	10.000000	-0.000060	0.000660
8.0	12.0	-30.000000	10.000000	-0.000120	0.000500
9.0	12.0	-20.000000	10.000000	-0.000150	0.000340
10.0	12.0	-10.000000	10.000000	-0.000120	0.000200
11.0	12.0	0.000000	10.000000	-0.000130	0.000050
12.0	12.0	10.000000	10.000000	-0.000160	-0.000070
13.0	12.0	20.000000	10.000000	-0.000160	-0.000190
14.0	12.0	30.000000	10.000000	-0.000150	-0.000300
15.0	12.0	40.000000	10.000000	-0.000110	-0.000460
16.0	12.0	50.000000	10.000000	-0.000220	-0.000600
17.0	12.0	60.000000	10.000000	-0.000120	-0.000760
18.0	12.0	70.000000	10.000000	-0.000070	-0.000930
19.0	12.0	80.000000	10.000000	-0.000180	-0.001150
20.0	12.0	90.000000	10.000000	-0.000230	-0.001310
21.0	12.0	100.000000	10.000000	-0.000310	-0.001450
22.0	12.0	110.000000	10.000000	-0.000350	-0.001530
23.0	12.0	120.000000	10.000000	-0.000320	-0.001670
24.0	12.0	130.000000	10.000000	-0.000350	-0.001830
25.0	12.0	140.000000	10.000000	-0.000340	-0.001950
26.0	12.0	150.000000	10.000000	-0.000380	-0.002100
27.0	12.0	160.000000	10.000000	-0.000380	-0.002260
28.0	12.0	170.000000	10.000000	-0.000410	-0.002380
29.0	12.0	180.000000	10.000000	-0.000490	-0.002520
30.0	12.0	190.000000	10.000000	-0.000520	-0.002630
31.0	12.0	200.000000	10.000000	-0.000580	-0.002780
32.0	12.0	210.000000	10.000000	-0.000610	-0.002980
33.0	12.0	220.000000	10.000000	-0.000610	-0.003190
34.0	12.0	230.000000	10.000000	-0.000630	-0.003260
35.0	12.0	240.000000	10.000000	-0.000660	-0.003320
36.0	12.0	250.000000	10.000000	-0.000730	-0.003410
1.0	13.0	-100.000000	20.000000	0.000190	0.001470
2.0	13.0	-90.000000	20.000000	0.000100	0.001450
3.0	13.0	-80.000000	20.000000	0.000070	0.001280
4.0	13.0	-70.000000	20.000000	0.000100	0.001140
5.0	13.0	-60.000000	20.000000	0.000040	0.001000
6.0	13.0	-50.000000	20.000000	-0.000030	0.000840
7.0	13.0	-40.000000	20.000000	0.000040	0.000660
8.0	13.0	-30.000000	20.000000	-0.000010	0.000510
9.0	13.0	-20.000000	20.000000	-0.000020	0.000360
10.0	13.0	-10.000000	20.000000	-0.000010	0.000220
11.0	13.0	0.000000	20.000000	0.000030	0.000060
12.0	13.0	10.000000	20.000000	-0.000020	-0.000080
13.0	13.0	20.000000	20.000000	-0.000020	-0.000220
14.0	13.0	30.000000	20.000000	-0.000010	-0.000340
15.0	13.0	40.000000	20.000000	0.000020	-0.000460
16.0	13.0	50.000000	20.000000	-0.000110	-0.000580
17.0	13.0	60.000000	20.000000	-0.000040	-0.000740
18.0	13.0	70.000000	20.000000	0.000020	-0.000960
19.0	13.0	80.000000	20.000000	-0.000060	-0.001090
20.0	13.0	90.000000	20.000000	-0.000120	-0.001190
21.0	13.0	100.000000	20.000000	-0.000220	-0.001290
22.0	13.0	110.000000	20.000000	-0.000270	-0.001400
23.0	13.0	120.000000	20.000000	-0.000300	-0.001550
24.0	13.0	130.000000	20.000000	-0.000330	-0.001680
25.0	13.0	140.000000	20.000000	-0.000340	-0.001850
26.0	13.0	150.000000	20.000000	-0.000360	-0.001970
27.0	13.0	160.000000	20.000000	-0.000380	-0.002150
28.0	13.0	170.000000	20.000000	-0.000390	-0.002280
29.0	13.0	180.000000	20.000000	-0.000440	-0.002420
30.0	13.0	190.000000	20.000000	-0.000450	-0.002570
31.0	13.0	200.000000	20.000000	-0.000480	-0.002740
32.0	13.0	210.000000	20.000000	-0.000490	-0.002930
33.0	13.0	220.000000	20.000000	-0.000500	-0.003100
34.0	13.0	230.000000	20.000000	-0.000540	-0.003190
35.0	13.0	240.000000	20.000000	-0.000640	-0.003250
36.0	13.0	250.000000	20.000000	-0.000740	-0.003320
1.0	14.0	-100.000000	30.000000	0.000240	0.001370
2.0	14.0	-90.000000	30.000000	0.000150	0.001390
3.0	14.0	-80.000000	30.000000	0.000140	0.001260
4.0	14.0	-70.000000	30.000000	0.000150	0.001170
5.0	14.0	-60.000000	30.000000	0.000090	0.000970
6.0	14.0	-50.000000	30.000000	-0.000010	0.000840
7.0	14.0	-40.000000	30.000000	0.000030	0.000710
8.0	14.0	-30.000000	30.000000	-0.000010	0.000560
9.0	14.0	-20.000000	30.000000	0.000000	0.000410
10.0	14.0	-10.000000	30.000000	0.000020	0.000270
11.0	14.0	0.000000	30.000000	-0.000010	0.000110
12.0	14.0	10.000000	30.000000	-0.000040	0.000010
13.0	14.0	20.000000	30.000000	-0.000060	-0.000120
14.0	14.0	30.000000	30.000000	-0.000090	-0.000290
15.0	14.0	40.000000	30.000000	-0.000070	-0.000410
16.0	14.0	50.000000	30.000000	-0.000190	-0.000540
17.0	14.0	60.000000	30.000000	-0.000090	-0.000710
18.0	14.0	70.000000	30.000000	-0.000070	-0.000850
19.0	14.0	80.000000	30.000000	-0.000140	-0.001000
20.0	14.0	90.000000	30.000000	-0.000210	-0.001120
21.0	14.0	100.000000	30.000000	-0.000280	-0.001320
22.0	14.0	110.000000	30.000000	-0.000340	-0.001360
23.0	14.0	120.000000	30.000000	-0.000330	-0.001500
24.0	14.0	130.000000	30.000000	-0.000360	-0.001630
25.0	14.0	140.000000	30.000000	-0.000350	-0.001760
26.0	14.0	150.000000	30.000000	-0.000390	-0.001920
27.0	14.0	160.000000	30.000000	-0.000420	-0.002080
28.0	14.0	170.000000	30.000000	-0.000430	-0.002200
29.0	14.0	180.000000	30.000000	-0.000450	-0.002340
30.0	14.0	190.000000	30.000000	-0.000510	-0.002470
31.0	14.0	200.000000	30.000000	-0.000560	-0.002640
32.0	14.0	210.000000	30.000000	-0.000580	-0.002830
33.0	14.0	220.000000	30.000000	-0.000600	-0.002990
34.0	14.0	230.000000	30.000000	-0.000630	-0.003070
35.0	14.0	240.000000	30.000000	-0.000670	-0.003140
36.0	14.0	250.000000	30.000000	-0.000780	-0.003200
1.0	15.0	-100.000000	40.000000	0.000270	0.001450
2.0	15.0	-90.000000	40.000000	0.000160	0.001360
3.0	15.0	-80.000000	40.000000	0.000100	0.001300
4.0	15.0	-70.000000	40.000000	0.000110	0.001080
5.0	15.0	-60.000000	40.000000	0.000060	0.000990
6.0	15.0	-50.000000	40.000000	-0.000030	0.000770
7.0	15.0	-40.000000	40.000000	0.000010	0.000600
8.0	15.0	-30.000000	40.000000	-0.000020	0.000450
9.0	15.0	-20.000000	40.000000	0.000000	0.000350
10.0	15.0	-10.000000	40.000000	-0.000020	0.000220
11.0	15.0	0.000000	40.000000	-0.000010	0.000100
12.0	15.0	10.000000	40.000000	-0.000040	-0.000030
13.0	15.0	20.000000	40.000000	-0.000020	-0.000150
14.0	15.0	30.000000	40.000000	-0.000010	-0.000260
15.0	15.0	40.000000	40.000000	0.000030	-0.000400
16.0	15.0	50.000000	40.000000	-0.000070	-0.000540
17.0	15.0	60.000000	40.000000	0.000040	-0.000650
18.0	15.0	70.000000	40.000000	0.000050	-0.000840
19.0	15.0	80.000000	40.000000	-0.000020	-0.001010
20.0	15.0	90.000000	40.000000	-0.000110	-0.001150
21.0	15.0	100.000000	40.000000	-0.000190	-0.001250
22.0	15.0	110.000000	40.000000	-0.000250	-0.001360
23.0	15.0	120.000000	40.000000	-0.000210	-0.001450
24.0	15.0	130.000000	40.000000	-0.000260	-0.001590
25.0	15.0	140.000000	40.000000	-0.000240	-0.001720
26.0	15.0	150.000000	40.000000	-0.000280	-0.001870
27.0	15.0	160.000000	40.000000	-0.000310	-0.002050
28.0	15.0	170.000000	40.000000	-0.000290	-0.002170
29.0	15.0	180.000000	40.000000	-0.000330	-0.002300
30.0	15.0	190.000000	40.000000	-0.000360	-0.002430
31.0	15.0	200.000000	40.000000	-0.000450	-0.002560
32.0	15.0	210.000000	40.000000	-0.000480	-0.002760
33.0	15.0	220.000000	40.000000	-0.000460	-0.002940
34.0	15.0	230.000000	40.000000	-0.000510	-0.003010
35.0	15.0	240.000000	40.000000	-0.000560	-0.003060
36.0	15.0	250.000000	40.000000	-0.000660	-0.003120
1.0	16.0	-100.000000	50.000000	0.000310	0.001260
2.0	16.0	-90.000000	50.000000	0.000220	0.001190
3.0	16.0	-80.000000	50.000000	0.000200	0.001100
4.0	16.0	-70.000000	50.000000	0.000200	0.001080
5.0	16.0	-60.000000	50.000000	0.000110	0.000890
6.0	16.0	-50.000000	50.000000	0.000050	0.000770
7.0	16.0	-40.000000	50.000000	0.000110	0.000650
8.0	16.0	-30.000000	50.000000	0.000070	0.000480
9.0	16.0	-20.000000	50.000000	0.000030	0.000300
10.0	16.0	-10.000000	50.000000	0.000050	0.000190
11.0	16.0	0.000000	50.000000	0.000060	0.000090
12.0	16.0	10.000000	50.000000	0.000020	-0.000030
13.0	16.0	20.000000	50.000000	0.000010	-0.000160
14.0	16.0	30.000000	50.000000	-0.000040	-0.000340
15.0	16.0	40.000000	50.000000	0.000010	-0.000450
16.0	16.0	50.000000	50.000000	-0.000110	-0.000530
17.0	16.0	60.000000	50.000000	0.000000	-0.000620
18.0	16.0	70.000000	50.000000	0.000040	-0.000770
19.0	16.0	80.000000	50.000000	-0.000040	-0.000930
20.0	16.0	90.000000	50.000000	-0.000120	-0.001070
21.0	16.0	100.000000	50.000000	-0.000170	-0.001190
22.0	16.0	110.000000	50.000000	-0.000210	-0.001290
23.0	16.0	120.000000	50.000000	-0.000190	-0.001400
24.0	16.0	130.000000	50.000000	-0.000200	-0.001520
25.0	16.0	140.000000	50.000000	-0.000210	-0.001650
26.0	16.0	150.000000	50.000000	-0.000240	-0.001780
27.0	16.0	160.000000	50.000000	-0.000260	-0.001920
28.0	16.0	170.000000	50.000000	-0.000280	-0.002050
29.0	16.0	180.000000	50.000000	-0.000310	-0.002190
30.0	16.0	190.000000	50.000000	-0.000330	-0.002320
31.0	16.0	200.000000	50.000000	-0.000390	-0.002440
32.0	16.0	210.000000	50.000000	-0.000400	-0.002630
33.0	16.0	220.000000	50.000000	-0.000410	-0.002820
34.0	16.0	230.000000	50.000000	-0.000450	-0.002890
35.0	16.0	240.000000	50.000000	-0.000530	-0.002910
36.0	16.0	250.000000	50.000000	-0.000670	-0.002980
1.0	17.0	-100.000000	60.000000	0.000330	0.001240
2.0	17.0	-90.000000	60.000000	0.000240	0.001180
3.0	17.0	-80.000000	60.000000	0.000210	0.001100
4.0	17.0	-70.000000	60.000000	0.000220	0.000970
5.0	17.0	-60.000000	60.000000	0.000130	0.000780
6.0	17.0	-50.000000	60.000000	0.000030	0.000640
7.0	17.0	-40.000000	60.000000	0.000050	0.000550
8.0	17.0	-30.000000	60.000000	-0.000010	0.000440
9.0	17.0	-20.000000	60.000000	0.000000	0.000260
10.0	17.0	-10.000000	60.000000	0.000030	0.000130
11.0	17.0	0.000000	60.000000	0.000050	0.000070
12.0	17.0	10.000000	60.000000	0.000010	-0.000040
13.0	17.0	20.000000	60.000000	0.000010	-0.000160
14.0	17.0	30.000000	60.000000	-0.000010	-0.000310
15.0	17.0	40.000000	60.000000	0.000010	-0.000410
16.0	17.0	50.000000	60.000000	-0.000090	-0.000500
17.0	17.0	60.000000	60.000000	0.000020	-0.000630
18.0	17.0	70.000000	60.000000	0.000050	-0.000750
19.0	17.0	80.000000	60.000000	-0.000030	-0.000960
20.0	17.0	90.000000	60.000000	-0.000090	-0.001050
21.0	17.0	100.000000	60.000000	-0.000160	-0.001150
22.0	17.0	110.000000	60.000000	-0.000190	-0.001290
23.0	17.0	120.000000	60.000000	-0.000170	-0.001420
24.0	17.0	130.000000	60.000000	-0.000190	-0.001550
25.0	17.0	140.000000	60.000000	-0.000200	-0.001650
26.0	17.0	150.000000	60.000000	-0.000230	-0.001790
27.0	17.0	160.000000	60.000000	-0.000250	-0.001920
28.0	17.0	170.000000	60.000000	-0.000220	-0.002050
29.0	17.0	180.000000	60.000000	-0.000280	-0.002160
30.0	17.0	190.000000	60.000000	-0.000310	-0.002280
31.0	17.0	200.000000	60.000000	-0.000390	-0.002430
32.0	17.0	210.000000	60.000000	-0.000420	-0.002600
33.0	17.0	220.000000	60.000000	-0.000450	-0.002770
34.0	17.0	230.000000	60.000000	-0.000460	-0.002840
35.0	17.0	240.000000	60.000000	-0.000540	-0.002860
36.0	17.0	250.000000	60.000000	-0.000660	-0.002910
1.0	18.0	-100.000000	70.000000	0.000280	0.001250
2.0	18.0	-90.000000	70.000000	0.000200	0.001170
3.0	18.0	-80.000000	70.000000	0.000190	0.001090
4.0	18.0	-70.000000	70.000000	0.000200	0.000930
5.0	18.0	-60.000000	70.000000	0.000120	0.000780
6.0	18.0	-50.000000	70.000000	0.000050	0.000630
7.0	18.0	-40.000000	70.000000	0.000110	0.000460
8.0	18.0	-30.000000	70.000000	0.000050	0.000340
9.0	18.0	-20.000000	70.000000	0.000020	0.000250
10.0	18.0	-10.000000	70.000000	0.000060	0.000120
11.0	18.0	0.000000	70.000000	0.000030	0.000030
12.0	18.0	10.000000	70.000000	0.000010	-0.000050
13.0	18.0	20.000000	70.000000	-0.000010	-0.000180
14.0	18.0	30.000000	70.000000	-0.000040	-0.000290
15.0	18.0	40.000000	70.000000	-0.000010	-0.000380
16.0	18.0	50.000000	70.000000	-0.000100	-0.000470
17.0	18.0	60.000000	70.000000	0.000020	-0.000620
18.0	18.0	70.000000	70.000000	0.000080	-0.000790
19.0	18.0	80.000000	70.000000	0.000010	-0.000950
20.0	18.0	90.000000	70.000000	-0.000070	-0.001040
21.0	18.0	100.000000	70.000000	-0.000150	-0.001130
22.0	18.0	110.000000	70.000000	-0.000190	-0.001230
23.0	18.0	120.000000	70.000000	-0.000160	-0.001370
24.0	18.0	130.000000	70.000000	-0.000150	-0.001490
25.0	18.0	140.000000	70.000000	-0.000140	-0.001570
26.0	18.0	150.000000	70.000000	-0.000190	-0.001690
27.0	18.0	160.000000	70.000000	-0.000230	-0.001800
28.0	18.0	170.000000	70.000000	-0.000270	-0.001920
29.0	18.0	180.000000	70.000000	-0.000320	-0.002030
30.0	18.0	190.000000	70.000000	-0.000360	-0.002130
31.0	18.0	200.000000	70.000000	-0.000390	-0.002280
32.0	18.0	210.000000	70.000000	-0.000410	-0.002460
33.0	18.0	220.000000	70.000000	-0.000430	-0.002620
34.0	18.0	230.000000	70.000000	-0.000490	-0.002700
35.0	18.0	240.000000	70.000000	-0.000540	-0.002770
36.0	18.0	250.000000	70.000000	-0.000650	-0.002820
1.0	19.0	-100.000000	80.000000	0.000260	0.001200
2.0	19.0	-90.000000	80.000000	0.000170	0.001120
3.0	19.0	-80.000000	80.000000	0.000170	0.001030
4.0	19.0	-70.000000	80.000000	0.000200	0.000940
5.0	19.0	-60.000000	80.000000	0.000140	0.000790
6.0	19.0	-50.000000	80.000000	0.000060	0.000630
7.0	19.0	-40.000000	80.000000	0.000100	0.000510
8.0	19.0	-30.000000	80.000000	0.000050	0.000380
9.0	19.0	-20.000000	80.000000	0.000030	0.000230
10.0	19.0	-10.000000	80.000000	0.000030	0.000110
11.0	19.0	0.000000	80.000000	0.000030	0.000030
12.0	19.0	10.000000	80.000000	0.000030	-0.000060
13.0	19.0	20.000000	80.000000	0.000010	-0.000190
14.0	19.0	30.000000	80.000000	-0.000040	-0.000310
15.0	19.0	40.000000	80.000000	0.000010	-0.000340
16.0	19.0	50.000000	80.000000	-0.000060	-0.000430
17.0	19.0	60.000000	80.000000	-0.000020	-0.000580
18.0	19.0	70.000000	80.000000	0.000040	-0.000750
19.0	19.0	80.000000	80.000000	-0.000020	-0.000900
20.0	19.0	90.000000	80.000000	-0.000040	-0.000980
21.0	19.0	100.000000	80.000000	-0.000110	-0.001090
22.0	19.0	110.000000	80.000000	-0.000160	-0.001220
23.0	19.0	120.000000	80.000000	-0.000140	-0.001350
24.0	19.0	130.000000	80.000000	-0.000190	-0.001450
25.0	19.0	140.000000	80.000000	-0.000180	-0.001520
26.0	19.0	150.000000	80.000000	-0.000210	-0.001660
27.0	19.0	160.000000	80.000000	-0.000250	-0.001780
28.0	19.0	170.000000	80.000000	-0.000320	-0.001880
29.0	19.0	180.000000	80.000000	-0.000340	-0.002000
30.0	19.0	190.000000	80.000000	-0.000410	-0.002100
31.0	19.0	200.000000	80.000000	-0.000410	-0.002220
32.0	19.0	210.000000	80.000000	-0.000420	-0.002390
33.0	19.0	220.000000	80.000000	-0.000460	-0.002520
34.0	19.0	230.000000	80.000000	-0.000520	-0.002580
35.0	19.0	240.000000	80.000000	-0.000560	-0.002630
36.0	19.0	250.000000	80.000000	-0.000660	-0.002680
1.0	20.0	-100.000000	90.000000	0.000340	0.001100
2.0	20.0	-90.000000	90.000000	0.000220	0.000970
3.0	20.0	-80.000000	90.000000	0.000180	0.000930
4.0	20.0	-70.000000	90.000000	0.000150	0.000840
5.0	20.0	-60.000000	90.000000	0.000100	0.000670
6.0	20.0	-50.000000	90.000000	0.000020	0.000540
7.0	20.0	-40.000000	90.000000	0.000070	0.000440
8.0	20.0	-30.000000	90.000000	0.000020	0.000270
9.0	20.0	-20.000000	90.000000	0.000070	0.000150
10.0	20.0	-10.000000	90.000000	0.000080	0.000050
11.0	20.0	0.000000	90.000000	0.000080	-0.000010
12.0	20.0	10.000000	90.000000	0.000020	-0.000150
13.0	20.0	20.000000	90.000000	0.000000	-0.000260
14.0	20.0	30.000000	90.000000	-0.000020	-0.000370
15.0	20.0	40.000000	90.000000	0.000020	-0.000480
16.0	20.0	50.000000	90.000000	-0.000090	-0.000530
17.0	20.0	60.000000	90.000000	0.000000	-0.000640
18.0	20.0	70.000000	90.000000	0.000030	-0.000750
19.0	20.0	80.000000	90.000000	-0.000050	-0.000850
20.0	20.0	90.000000	90.000000	-0.000090	-0.000930
21.0	20.0	100.000000	90.000000	-0.000180	-0.001080
22.0	20.0	110.000000	90.000000	-0.000210	-0.001170
23.0	20.0	120.000000	90.000000	-0.000190	-0.001310
24.0	20.0	130.000000	90.000000	-0.000200	-0.001410
25.0	20.0	140.000000	90.000000	-0.000190	-0.001480
26.0	20.0	150.000000	90.000000	-0.000210	-0.001620
27.0	20.0	160.000000	90.000000	-0.000230	-0.001750
28.0	20.0	170.000000	90.000000	-0.000270	-0.001860
29.0	20.0	180.000000	90.000000	-0.000340	-0.001980
30.0	20.0	190.000000	90.000000	-0.000400	-0.002070
31.0	20.0	200.000000	90.000000	-0.000460	-0.002180
32.0	20.0	210.000000	90.000000	-0.000470	-0.002340
33.0	20.0	220.000000	90.000000	-0.000490	-0.002470
34.0	20.0	230.000000	90.000000	-0.000530	-0.002530
35.0	20.0	240.000000	90.000000	-0.000570	-0.002570
36.0	20.0	250.000000	90.000000	-0.000650	-0.002610
1.0	21.0	-100.000000	100.000000	0.000210	0.001140
2.0	21.0	-90.000000	100.000000	0.000150	0.001090
3.0	21.0	-80.000000	100.000000	0.000140	0.000960
4.0	21.0	-70.000000	100.000000	0.000130	0.000860
5.0	21.0	-60.000000	100.000000	0.000080	0.000770
6.0	21.0	-50.000000	100.000000	0.000010	0.000620
7.0	21.0	-40.000000	100.000000	0.000060	0.000530
8.0	21.0	-30.000000	100.000000	0.000010	0.000370
9.0	21.0	-20.000000	100.000000	0.000020	0.000240
10.0	21.0	-10.000000	100.000000	0.000040	0.000110
11.0	21.0	0.000000	100.000000	0.000040	-0.000010
12.0	21.0	10.000000	100.000000	0.000010	-0.000110
13.0	21.0	20.000000	100.000000	-0.000020	-0.000220
14.0	21.0	30.000000	100.000000	-0.000070	-0.000340
15.0	21.0	40.000000	100.000000	-0.000020	-0.000400
16.0	21.0	50.000000	100.000000	-0.000130	-0.000480
17.0	21.0	60.000000	100.000000	-0.000040	-0.000590
18.0	21.0	70.000000	100.000000	0.000000	-0.000720
19.0	21.0	80.000000	100.000000	-0.000070	-0.000830
20.0	21.0	90.000000	100.000000	-0.000120	-0.000920
21.0	21.0	100.000000	100.000000	-0.000220	-0.001020
22.0	21.0	110.000000	100.000000	-0.000230	-0.001090
23.0	21.0	120.000000	100.000000	-0.000210	-0.001180
24.0	21.0	130.000000	100.000000	-0.000210	-0.001250
25.0	21.0	140.000000	100.000000	-0.000230	-0.001340
26.0	21.0	150.000000	100.000000	-0.000290	-0.001490
27.0	21.0	160.000000	100.000000	-0.000310	-0.001620
28.0	21.0	170.000000	100.000000	-0.000280	-0.001740
29.0	21.0	180.000000	100.000000	-0.000320	-0.001860
30.0	21.0	190.000000	100.000000	-0.000380	-0.001950
31.0	21.0	200.000000	100.000000	-0.000420	-0.002060
32.0	21.0	210.000000	100.000000	-0.000450	-0.002220
33.0	21.0	220.000000	100.000000	-0.000450	-0.002360
34.0	21.0	230.000000	100.000000	-0.000520	-0.002420
35.0	21.0	240.000000	100.000000	-0.000590	-0.002450
36.0	21.0	250.000000	100.000000	-0.000690	-0.002480
1.0	22.0	-100.000000	110.000000	0.000210	0.001050
2.0	22.0	-90.000000	110.000000	0.000130	0.000960
3.0	22.0	-80.000000	110.000000	0.000160	0.000920
4.0	22.0	-70.000000	110.000000	0.000160	0.000810
5.0	22.0	-60.000000	110.000000	0.000080	0.000680
6.0	22.0	-50.000000	110.000000	-0.000020	0.000580
7.0	22.0	-40.000000	110.000000	0.000020	0.000440
8.0	22.0	-30.000000	110.000000	-0.000040	0.000320
9.0	22.0	-20.000000	110.000000	-0.000020	0.000200
10.0	22.0	-10.000000	110.000000	0.000030	0.000090
11.0	22.0	0.000000	110.000000	0.000030	-0.000020
12.0	22.0	10.000000	110.000000	-0.000010	-0.000110
13.0	22.0	20.000000	110.000000	-0.000040	-0.000190
14.0	22.0	30.000000	110.000000	-0.000060	-0.000270
15.0	22.0	40.000000	110.000000	-0.000010	-0.000340
16.0	22.0	50.000000	110.000000	-0.000100	-0.000420
17.0	22.0	60.000000	110.000000	0.000000	-0.000520
18.0	22.0	70.000000	110.000000	0.000030	-0.000630
19.0	22.0	80.000000	110.000000	-0.000030	-0.000780
20.0	22.0	90.000000	110.000000	-0.000100	-0.000860
21.0	22.0	100.000000	110.000000	-0.000200	-0.000950
22.0	22.0	110.000000	110.000000	-0.000200	-0.001030
23.0	22.0	120.000000	110.000000	-0.000150	-0.001120
24.0	22.0	130.000000	110.000000	-0.000180	-0.001210
25.0	22.0	140.000000	110.000000	-0.000170	-0.001300
26.0	22.0	150.000000	110.000000	-0.000220	-0.001430
27.0	22.0	160.000000	110.000000	-0.000190	-0.001530
28.0	22.0	170.000000	110.000000	-0.000190	-0.001640
29.0	22.0	180.000000	110.000000	-0.000250	-0.001740
30.0	22.0	190.000000	110.000000	-0.000270	-0.001830
31.0	22.0	200.000000	110.000000	-0.000340	-0.001930
32.0	22.0	210.000000	110.000000	-0.000380	-0.002070
33.0	22.0	220.000000	110.000000	-0.000390	-0.002210
34.0	22.0	230.000000	110.000000	-0.000450	-0.002260
35.0	22.0	240.000000	110.000000	-0.000560	-0.002290
36.0	22.0	250.000000	110.000000	-0.000650	-0.002330
1.0	23.0	-100.000000	120.000000	0.000120	0.001100
2.0	23.0	-90.000000	120.000000	0.000060	0.001020
3.0	23.0	-80.000000	120.000000	0.000030	0.000890
4.0	23.0	-70.000000	120.000000	0.000010	0.000720
5.0	23.0	-60.000000	120.000000	-0.000060	0.000610
6.0	23.0	-50.000000	120.000000	-0.000130	0.000510
7.0	23.0	-40.000000	120.000000	-0.000100	0.000410
8.0	23.0	-30.000000	120.000000	-0.000090	0.000290
9.0	23.0	-20.000000	120.000000	-0.000070	0.000200
10.0	23.0	-10.000000	120.000000	-0.000080	0.000100
11.0	23.0	0.000000	120.000000	-0.000090	-0.000010
12.0	23.0	10.000000	120.000000	-0.000130	-0.000100
13.0	23.0	20.000000	120.000000	-0.000160	-0.000190
14.0	23.0	30.000000	120.000000	-0.000180	-0.000260
15.0	23.0	40.000000	120.000000	-0.000130	-0.000380
16.0	23.0	50.000000	120.000000	-0.000200	-0.000420
17.0	23.0	60.000000	120.000000	-0.000130	-0.000500
18.0	23.0	70.000000	120.000000	-0.000160	-0.000640
19.0	23.0	80.000000	120.000000	-0.000210	-0.000770
20.0	23.0	90.000000	120.000000	-0.000250	-0.000870
21.0	23.0	100.000000	120.000000	-0.000280	-0.000920
22.0	23.0	110.000000	120.000000	-0.000250	-0.000980
23.0	23.0	120.000000	120.000000	-0.000210	-0.001080
24.0	23.0	130.000000	120.000000	-0.000240	-0.001170
25.0	23.0	140.000000	120.000000	-0.000210	-0.001270
26.0	23.0	150.000000	120.000000	-0.000310	-0.001390
27.0	23.0	160.000000	120.000000	-0.000340	-0.001520
28.0	23.0	170.000000	120.000000	-0.000360	-0.001630
29.0	23.0	180.000000	120.000000	-0.000430	-0.001740
30.0	23.0	190.000000	120.000000	-0.000460	-0.001830
31.0	23.0	200.000000	120.000000	-0.000500	-0.001920
32.0	23.0	210.000000	120.000000	-0.000540	-0.002040
33.0	23.0	220.000000	120.000000	-0.000580	-0.002150
34.0	23.0	230.000000	120.000000	-0.000650	-0.002170
35.0	23.0	240.000000	120.000000	-0.000690	-0.002170
36.0	23.0	250.000000	120.000000	-0.000770	-0.002220
1.0	24.0	-100.000000	130.000000	0.000150	0.000980
2.0	24.0	-90.000000	130.000000	0.000100	0.000980
3.0	24.0	-80.000000	130.000000	0.000100	0.000860
4.0	24.0	-70.000000	130.000000	0.000070	0.000810
5.0	24.0	-60.000000	130.000000	-0.000010	0.000570
6.0	24.0	-50.000000	130.000000	-0.000060	0.000460
7.0	24.0	-40.000000	130.000000	-0.000010	0.000330
8.0	24.0	-30.000000	130.000000	-0.000050	0.000210
9.0	24.0	-20.000000	130.000000	-0.000020	0.000120
10.0	24.0	-10.000000	130.000000	0.000030	0.000010
11.0	24.0	0.000000	130.000000	0.000020	-0.000090
12.0	24.0	10.000000	130.000000	0.000020	-0.000150
13.0	24.0	20.000000	130.000000	0.000000	-0.000230
14.0	24.0	30.000000	130.000000	-0.000020	-0.000310
15.0	24.0	40.000000	130.000000	0.000000	-0.000390
16.0	24.0	50.000000	130.000000	-0.000100	-0.000510
17.0	24.0	60.000000	130.000000	0.000010	-0.000590
18.0	24.0	70.000000	130.000000	0.000050	-0.000680
19.0	24.0	80.000000	130.000000	-0.000040	-0.000790
20.0	24.0	90.000000	130.000000	-0.000100	-0.000860
21.0	24.0	100.000000	130.000000	-0.000150	-0.000910
22.0	24.0	110.000000	130.000000	-0.000120	-0.001000
23.0	24.0	120.000000	130.000000	-0.000110	-0.001100
24.0	24.0	130.000000	130.000000	-0.000120	-0.001180
25.0	24.0	140.000000	130.000000	-0.000150	-0.001260
26.0	24.0	150.000000	130.000000	-0.000230	-0.001370
27.0	24.0	160.000000	130.000000	-0.000260	-0.001480
28.0	24.0	170.000000	130.000000	-0.000280	-0.001570
29.0	24.0	180.000000	130.000000	-0.000310	-0.001670
30.0	24.0	190.000000	130.000000	-0.000350	-0.001760
31.0	24.0	200.000000	130.000000	-0.000410	-0.001860
32.0	24.0	210.000000	130.000000	-0.000440	-0.002020
33.0	24.0	220.000000	130.000000	-0.000450	-0.002150
34.0	24.0	230.000000	130.000000	-0.000480	-0.002170
35.0	24.0	240.000000	130.000000	-0.000560	-0.002160
36.0	24.0	250.000000	130.000000	-0.000670	-0.002180
1.0	25.0	-100.000000	140.000000	0.000140	0.000920
2.0	25.0	-90.000000	140.000000	0.000040	0.000880
3.0	25.0	-80.000000	140.000000	-0.000040	0.000800
4.0	25.0	-70.000000	140.000000	-0.000060	0.000700
5.0	25.0	-60.000000	140.000000	-0.000130	0.000580
6.0	25.0	-50.000000	140.000000	-0.000170	0.000480
7.0	25.0	-40.000000	140.000000	-0.000120	0.000330
8.0	25.0	-30.000000	140.000000	-0.000150	0.000200
9.0	25.0	-20.000000	140.000000	-0.000120	0.000080
10.0	25.0	-10.000000	140.000000	-0.000110	-0.000010
11.0	25.0	0.000000	140.000000	-0.000110	-0.000120
12.0	25.0	10.000000	140.000000	-0.000160	-0.000160
13.0	25.0	20.000000	140.000000	-0.000200	-0.000270
14.0	25.0	30.000000	140.000000	-0.000230	-0.000350
15.0	25.0	40.000000	140.000000	-0.000210	-0.000400
16.0	25.0	50.000000	140.000000	-0.000280	-0.000430
17.0	25.0	60.000000	140.000000	-0.000190	-0.000540
18.0	25.0	70.000000	140.000000	-0.000140	-0.000620
19.0	25.0	80.000000	140.000000	-0.000210	-0.000760
20.0	25.0	90.000000	140.000000	-0.000240	-0.000800
21.0	25.0	100.000000	140.000000	-0.000270	-0.000890
22.0	25.0	110.000000	140.000000	-0.000260	-0.000950
23.0	25.0	120.000000	140.000000	-0.000220	-0.001060
24.0	25.0	130.000000	140.000000	-0.000240	-0.001100
25.0	25.0	140.000000	140.000000	-0.000240	-0.001160
26.0	25.0	150.000000	140.000000	-0.000240	-0.001260
27.0	25.0	160.000000	140.000000	-0.000230	-0.001370
28.0	25.0	170.000000	140.000000	-0.000220	-0.001460
29.0	25.0	180.000000	140.000000	-0.000310	-0.001560
30.0	25.0	190.000000	140.000000	-0.000400	-0.001650
31.0	25.0	200.000000	140.000000	-0.000470	-0.001760
32.0	25.0	210.000000	140.000000	-0.000490	-0.001910
33.0	25.0	220.000000	140.000000	-0.000550	-0.002030
34.0	25.0	230.000000	140.000000	-0.000630	-0.002080
35.0	25.0	240.000000	140.000000	-0.000720	-0.002080
36.0	25.0	250.000000	140.000000	-0.000790	-0.002100
1.0	26.0	-100.000000	150.000000	0.000080	0.001050
2.0	26.0	-90.000000	150.000000	0.000000	0.000990
3.0	26.0	-80.000000	150.000000	-0.000030	0.000920
4.0	26.0	-70.000000	150.000000	-0.000070	0.000780
5.0	26.0	-60.000000	150.000000	-0.000160	0.000650
6.0	26.0	-50.000000	150.000000	-0.000260	0.000560
7.0	26.0	-40.000000	150.000000	-0.000180	0.000450
8.0	26.0	-30.000000	150.000000	-0.000180	0.000340
9.0	26.0	-20.000000	150.000000	-0.000130	0.000210
10.0	26.0	-10.000000	150.000000	-0.000110	0.000120
11.0	26.0	0.000000	150.000000	-0.000110	0.000010
12.0	26.0	10.000000	150.000000	-0.000170	-0.000030
13.0	26.0	20.000000	150.000000	-0.000210	-0.000120
14.0	26.0	30.000000	150.000000	-0.000220	-0.000200
15.0	26.0	40.000000	150.000000	-0.000160	-0.000270
16.0	26.0	50.000000	150.000000	-0.000260	-0.000340
17.0	26.0	60.000000	150.000000	-0.000210	-0.000400
18.0	26.0	70.000000	150.000000	-0.000150	-0.000550
19.0	26.0	80.000000	150.000000	-0.000190	-0.000690
20.0	26.0	90.000000	150.000000	-0.000250	-0.000740
21.0	26.0	100.000000	150.000000	-0.000300	-0.000800
22.0	26.0	110.000000	150.000000	-0.000300	-0.000880
23.0	26.0	120.000000	150.000000	-0.000270	-0.000960
24.0	26.0	130.000000	150.000000	-0.000290	-0.001030
25.0	26.0	140.000000	150.000000	-0.000280	-0.001080
26.0	26.0	150.000000	150.000000	-0.000330	-0.001200
27.0	26.0	160.000000	150.000000	-0.000330	-0.001320
28.0	26.0	170.000000	150.000000	-0.000370	-0.001410
29.0	26.0	180.000000	150.000000	-0.000410	-0.001510
30.0	26.0	190.000000	150.000000	-0.000470	-0.001590
31.0	26.0	200.000000	150.000000	-0.000520	-0.001670
32.0	26.0	210.000000	150.000000	-0.000530	-0.001800
33.0	26.0	220.000000	150.000000	-0.000570	-0.001930
34.0	26.0	230.000000	150.000000	-0.000630	-0.001980
35.0	26.0	240.000000	150.000000	-0.000690	-0.001980
36.0	26.0	250.000000	150.000000	-0.000780	-0.002000
1.0	27.0	-100.000000	160.000000	-0.000050	0.000930
2.0	27.0	-90.000000	160.000000	-0.000120	0.000910
3.0	27.0	-80.000000	160.000000	-0.000090	0.000780
4.0	27.0	-70.000000	160.000000	-0.000100	0.000720
5.0	27.0	-60.000000	160.000000	-0.000170	0.000560
6.0	27.0	-50.000000	160.000000	-0.000220	0.000430
7.0	27.0	-40.000000	160.000000	-0.000170	0.000330
8.0	27.0	-30.000000	160.000000	-0.000180	0.000210
9.0	27.0	-20.000000	160.000000	-0.000140	0.000150
10.0	27.0	-10.000000	160.000000	-0.000120	0.000100
11.0	27.0	0.000000	160.000000	-0.000100	-0.000010
12.0	27.0	10.000000	160.000000	-0.000120	-0.000110
13.0	27.0	20.000000	160.000000	-0.000160	-0.000160
14.0	27.0	30.000000	160.000000	-0.000180	-0.000240
15.0	27.0	40.000000	160.000000	-0.000150	-0.000310
16.0	27.0	50.000000	160.000000	-0.000230	-0.000310
17.0	27.0	60.000000	160.000000	-0.000120	-0.000480
18.0	27.0	70.000000	160.000000	-0.000080	-0.000600
19.0	27.0	80.000000	160.000000	-0.000120	-0.000700
20.0	27.0	90.000000	160.000000	-0.000180	-0.000780
21.0	27.0	100.000000	160.000000	-0.000250	-0.000840
22.0	27.0	110.000000	160.000000	-0.000250	-0.000860
23.0	27.0	120.000000	160.000000	-0.000210	-0.000950
24.0	27.0	130.000000	160.000000	-0.000190	-0.001000
25.0	27.0	140.000000	160.000000	-0.000180	-0.001090
26.0	27.0	150.000000	160.000000	-0.000200	-0.001190
27.0	27.0	160.000000	160.000000	-0.000190	-0.001280
28.0	27.0	170.000000	160.000000	-0.000260	-0.001360
29.0	27.0	180.000000	160.000000	-0.000360	-0.001460
30.0	27.0	190.000000	160.000000	-0.000430	-0.001530
31.0	27.0	200.000000	160.000000	-0.000450	-0.001630
32.0	27.0	210.000000	160.000000	-0.000460	-0.001780
33.0	27.0	220.000000	160.000000	-0.000530	-0.001890
34.0	27.0	230.000000	160.000000	-0.000590	-0.001910
35.0	27.0	240.000000	160.000000	-0.000650	-0.001910
36.0	27.0	250.000000	160.000000	-0.000720	-0.001910
1.0	28.0	-100.000000	170.000000	0.000060	0.000820
2.0	28.0	-90.000000	170.000000	-0.000040	0.000860
3.0	28.0	-80.000000	170.000000	-0.000060	0.000750
4.0	28.0	-70.000000	170.000000	-0.000040	0.000700
5.0	28.0	-60.000000	170.000000	-0.000070	0.000560
6.0	28.0	-50.000000	170.000000	-0.000150	0.000410
7.0	28.0	-40.000000	170.000000	-0.000100	0.000310
8.0	28.0	-30.000000	170.000000	-0.000100	0.000240
9.0	28.0	-20.000000	170.000000	-0.000080	0.000100
10.0	28.0	-10.000000	170.000000	-0.000090	0.000000
11.0	28.0	0.000000	170.000000	-0.000100	-0.000080
12.0	28.0	10.000000	170.000000	-0.000150	-0.000110
13.0	28.0	20.000000	170.000000	-0.000190	-0.000180
14.0	28.0	30.000000	170.000000	-0.000180	-0.000250
15.0	28.0	40.000000	170.000000	-0.000140	-0.000250
16.0	28.0	50.000000	170.000000	-0.000250	-0.000350
17.0	28.0	60.000000	170.000000	-0.000180	-0.000400
18.0	28.0	70.000000	170.000000	-0.000180	-0.000470
19.0	28.0	80.000000	170.000000	-0.000300	-0.000590
20.0	28.0	90.000000	170.000000	-0.000350	-0.000660
21.0	28.0	100.000000	170.000000	-0.000370	-0.000770
22.0	28.0	110.000000	170.000000	-0.000380	-0.000840
23.0	28.0	120.000000	170.000000	-0.000360	-0.000870
24.0	28.0	130.000000	170.000000	-0.000370	-0.000930
25.0	28.0	140.000000	170.000000	-0.000330	-0.001010
26.0	28.0	150.000000	170.000000	-0.000350	-0.001130
27.0	28.0	160.000000	170.000000	-0.000280	-0.001230
28.0	28.0	170.000000	170.000000	-0.000340	-0.001320
29.0	28.0	180.000000	170.000000	-0.000410	-0.001410
30.0	28.0	190.000000	170.000000	-0.000470	-0.001490
31.0	28.0	200.000000	170.000000	-0.000550	-0.001550
32.0	28.0	210.000000	170.000000	-0.000570	-0.001700
33.0	28.0	220.000000	170.000000	-0.000590	-0.001810
34.0	28.0	230.000000	170.000000	-0.000610	-0.001850
35.0	28.0	240.000000	170.000000	-0.000640	-0.001840
36.0	28.0	250.000000	170.000000	-0.000760	-0.001840
1.0	29.0	-100.000000	180.000000	0.000070	0.000820
2.0	29.0	-90.000000	180.000000	-0.000040	0.000790
3.0	29.0	-80.000000	180.000000	-0.000040	0.000700
4.0	29.0	-70.000000	180.000000	-0.000020	0.000650
5.0	29.0	-60.000000	180.000000	-0.000060	0.000560
6.0	29.0	-50.000000	180.000000	-0.000150	0.000470
7.0	29.0	-40.000000	180.000000	-0.000140	0.000300
8.0	29.0	-30.000000	180.000000	-0.000140	0.000110
9.0	29.0	-20.000000	180.000000	-0.000100	0.000070
10.0	29.0	-10.000000	180.000000	-0.000080	0.000050
11.0	29.0	0.000000	180.000000	-0.000070	-0.000070
12.0	29.0	10.000000	180.000000	-0.000060	-0.000060
13.0	29.0	20.000000	180.000000	-0.000100	-0.000150
14.0	29.0	30.000000	180.000000	-0.000150	-0.000230
15.0	29.0	40.000000	180.000000	-0.000150	-0.000290
16.0	29.0	50.000000	180.000000	-0.000260	-0.000340
17.0	29.0	60.000000	180.000000	-0.000170	-0.000470
18.0	29.0	70.000000	180.000000	-0.000160	-0.000540
19.0	29.0	80.000000	180.000000	-0.000260	-0.000620
20.0	29.0	90.000000	180.000000	-0.000300	-0.000690
21.0	29.0	100.000000	180.000000	-0.000340	-0.000750
22.0	29.0	110.000000	180.000000	-0.000380	-0.000810
23.0	29.0	120.000000	180.000000	-0.000370	-0.000880
24.0	29.0	130.000000	180.000000	-0.000400	-0.000920
25.0	29.0	140.000000	180.000000	-0.000390	-0.000990
26.0	29.0	150.000000	180.000000	-0.000390	-0.001090
27.0	29.0	160.000000	180.000000	-0.000390	-0.001180
28.0	29.0	170.000000	180.000000	-0.000430	-0.001250
29.0	29.0	180.000000	180.000000	-0.000490	-0.001350
30.0	29.0	190.000000	180.000000	-0.000520	-0.001430
31.0	29.0	200.000000	180.000000	-0.000570	-0.001480
32.0	29.0	210.000000	180.000000	-0.000610	-0.001600
33.0	29.0	220.000000	180.000000	-0.000650	-0.001700
34.0	29.0	230.000000	180.000000	-0.000660	-0.001740
35.0	29.0	240.000000	180.000000	-0.000680	-0.001760
36.0	29.0	250.000000	180.000000	-0.000770	-0.001760
1.0	30.0	-100.000000	190.000000	0.000050	0.000850
2.0	30.0	-90.000000	190.000000	-0.000050	0.000750
3.0	30.0	-80.000000	190.000000	-0.000050	0.000660
4.0	30.0	-70.000000	190.000000	-0.000030	0.000580
5.0	30.0	-60.000000	190.000000	-0.000010	0.000540
6.0	30.0	-50.000000	190.000000	-0.000120	0.000420
7.0	30.0	-40.000000	190.000000	-0.000060	0.000340
8.0	30.0	-30.000000	190.000000	-0.000070	0.000230
9.0	30.0	-20.000000	190.000000	-0.000050	0.000140
10.0	30.0	-10.000000	190.000000	-0.000020	0.000080
11.0	30.0	0.000000	190.000000	-0.000030	-0.000040
12.0	30.0	10.000000	190.000000	-0.000050	-0.000130
13.0	30.0	20.000000	190.000000	-0.000090	-0.000200
14.0	30.0	30.000000	190.000000	-0.000120	-0.000260
15.0	30.0	40.000000	190.000000	-0.000070	-0.000320
16.0	30.0	50.000000	190.000000	-0.000180	-0.000320
17.0	30.0	60.000000	190.000000	-0.000100	-0.000430
18.0	30.0	70.000000	190.000000	-0.000100	-0.000490
19.0	30.0	80.000000	190.000000	-0.000200	-0.000630
20.0	30.0	90.000000	190.000000	-0.000260	-0.000670
21.0	30.0	100.000000	190.000000	-0.000300	-0.000680
22.0	30.0	110.000000	190.000000	-0.000320	-0.000720
23.0	30.0	120.000000	190.000000	-0.000300	-0.000750
24.0	30.0	130.000000	190.000000	-0.000300	-0.000810
25.0	30.0	140.000000	190.000000	-0.000300	-0.000860
26.0	30.0	150.000000	190.000000	-0.000350	-0.000950
27.0	30.0	160.000000	190.000000	-0.000370	-0.001060
28.0	30.0	170.000000	190.000000	-0.000390	-0.001130
29.0	30.0	180.000000	190.000000	-0.000440	-0.001250
30.0	30.0	190.000000	190.000000	-0.000450	-0.001320
31.0	30.0	200.000000	190.000000	-0.000490	-0.001380
32.0	30.0	210.000000	190.000000	-0.000530	-0.001510
33.0	30.0	220.000000	190.000000	-0.000560	-0.001620
34.0	30.0	230.000000	190.000000	-0.000580	-0.001640
35.0	30.0	240.000000	190.000000	-0.000630	-0.001620
36.0	30.0	250.000000	190.000000	-0.000710	-0.001630
1.0	31.0	-100.000000	200.000000	-0.000070	0.000880
2.0	31.0	-90.000000	200.000000	-0.000150	0.000830
3.0	31.0	-80.000000	200.000000	-0.000100	0.000780
4.0	31.0	-70.000000	200.000000	-0.000090	0.000690
5.0	31.0	-60.000000	200.000000	-0.000110	0.000580
6.0	31.0	-50.000000	200.000000	-0.000180	0.000490
7.0	31.0	-40.000000	200.000000	-0.000110	0.000410
8.0	31.0	-30.000000	200.000000	-0.000100	0.000300
9.0	31.0	-20.000000	200.000000	-0.000120	0.000170
10.0	31.0	-10.000000	200.000000	-0.000100	0.000070
11.0	31.0	0.000000	200.000000	-0.000120	-0.000030
12.0	31.0	10.000000	200.000000	-0.000170	-0.000090
13.0	31.0	20.000000	200.000000	-0.000210	-0.000120
14.0	31.0	30.000000	200.000000	-0.000270	-0.000180
15.0	31.0	40.000000	200.000000	-0.000260	-0.000260
16.0	31.0	50.000000	200.000000	-0.000360	-0.000290
17.0	31.0	60.000000	200.000000	-0.000280	-0.000370
18.0	31.0	70.000000	200.000000	-0.000210	-0.000510
19.0	31.0	80.000000	200.000000	-0.000270	-0.000580
20.0	31.0	90.000000	200.000000	-0.000310	-0.000680
21.0	31.0	100.000000	200.000000	-0.000390	-0.000710
22.0	31.0	110.000000	200.000000	-0.000440	-0.000760
23.0	31.0	120.000000	200.000000	-0.000410	-0.000830
24.0	31.0	130.000000	200.000000	-0.000410	-0.000850
25.0	31.0	140.000000	200.000000	-0.000380	-0.000890
26.0	31.0	150.000000	200.000000	-0.000450	-0.000980
27.0	31.0	160.000000	200.000000	-0.000450	-0.001040
28.0	31.0	170.000000	200.000000	-0.000460	-0.001130
29.0	31.0	180.000000	200.000000	-0.000480	-0.001220
30.0	31.0	190.000000	200.000000	-0.000500	-0.001280
31.0	31.0	200.000000	200.000000	-0.000550	-0.001360
32.0	31.0	210.000000	200.000000	-0.000590	-0.001470
33.0	31.0	220.000000	200.000000	-0.000640	-0.001580
34.0	31.0	230.000000	200.000000	-0.000670	-0.001600
35.0	31.0	240.000000	200.000000	-0.000690	-0.001580
36.0	31.0	250.000000	200.000000	-0.000770	-0.001570
1.0	32.0	-100.000000	210.000000	0.000100	0.000640
2.0	32.0	-90.000000	210.000000	0.000000	0.000610
3.0	32.0	-80.000000	210.000000	0.000000	0.000540
4.0	32.0	-70.000000	210.000000	0.000030	0.000470
5.0	32.0	-60.000000	210.000000	-0.000010	0.000440
6.0	32.0	-50.000000	210.000000	-0.000110	0.000370
7.0	32.0	-40.000000	210.000000	-0.000070	0.000310
8.0	32.0	-30.000000	210.000000	-0.000110	0.000190
9.0	32.0	-20.000000	210.000000	-0.000080	0.000140
10.0	32.0	-10.000000	210.000000	-0.000080	0.000070
11.0	32.0	0.000000	210.000000	-0.000090	-0.000010
12.0	32.0	10.000000	210.000000	-0.000120	-0.000100
13.0	32.0	20.000000	210.000000	-0.000160	-0.000140
14.0	32.0	30.000000	210.000000	-0.000180	-0.000160
15.0	32.0	40.000000	210.000000	-0.000170	-0.000230
16.0	32.0	50.000000	210.000000	-0.000230	-0.000280
17.0	32.0	60.000000	210.000000	-0.000160	-0.000380
18.0	32.0	70.000000	210.000000	-0.000160	-0.000530
19.0	32.0	80.000000	210.000000	-0.000220	-0.000610
20.0	32.0	90.000000	210.000000	-0.000240	-0.000640
21.0	32.0	100.000000	210.000000	-0.000300	-0.000700
22.0	32.0	110.000000	210.000000	-0.000320	-0.000730
23.0	32.0	120.000000	210.000000	-0.000290	-0.000740
24.0	32.0	130.000000	210.000000	-0.000270	-0.000800
25.0	32.0	140.000000	210.000000	-0.000260	-0.000850
26.0	32.0	150.000000	210.000000	-0.000320	-0.000940
27.0	32.0	160.000000	210.000000	-0.000350	-0.001030
28.0	32.0	170.000000	210.000000	-0.000380	-0.001100
29.0	32.0	180.000000	210.000000	-0.000400	-0.001180
30.0	32.0	190.000000	210.000000	-0.000430	-0.001260
31.0	32.0	200.000000	210.000000	-0.000490	-0.001330
32.0	32.0	210.000000	210.000000	-0.000560	-0.001460
33.0	32.0	220.000000	210.000000	-0.000620	-0.001570
34.0	32.0	230.000000	210.000000	-0.000640	-0.001590
35.0	32.0	240.000000	210.000000	-0.000670	-0.001580
36.0	32.0	250.000000	210.000000	-0.000790	-0.001560
1.0	33.0	-100.000000	220.000000	-0.000030	0.000810
2.0	33.0	-90.000000	220.000000	-0.000090	0.000780
3.0	33.0	-80.000000	220.000000	-0.000100	0.000750
4.0	33.0	-70.000000	220.000000	-0.000070	0.000700
5.0	33.0	-60.000000	220.000000	-0.000060	0.000510
6.0	33.0	-50.000000	220.000000	-0.000180	0.000430
7.0	33.0	-40.000000	220.000000	-0.000150	0.000360
8.0	33.0	-30.000000	220.000000	-0.000150	0.000280
9.0	33.0	-20.000000	220.000000	-0.000130	0.000180
10.0	33.0	-10.000000	220.000000	-0.000090	0.000100
11.0	33.0	0.000000	220.000000	-0.000090	0.000070
12.0	33.0	10.000000	220.000000	-0.000150	0.000000
13.0	33.0	20.000000	220.000000	-0.000190	-0.000020
14.0	33.0	30.000000	220.000000	-0.000210	-0.000090
15.0	33.0	40.000000	220.000000	-0.000190	-0.000190
16.0	33.0	50.000000	220.000000	-0.000310	-0.000260
17.0	33.0	60.000000	220.000000	-0.000230	-0.000340
18.0	33.0	70.000000	220.000000	-0.000220	-0.000420
19.0	33.0	80.000000	220.000000	-0.000310	-0.000490
20.0	33.0	90.000000	220.000000	-0.000330	-0.000500
21.0	33.0	100.000000	220.000000	-0.000380	-0.000560
22.0	33.0	110.000000	220.000000	-0.000360	-0.000570
23.0	33.0	120.000000	220.000000	-0.000330	-0.000640
24.0	33.0	130.000000	220.000000	-0.000340	-0.000690
25.0	33.0	140.000000	220.000000	-0.000320	-0.000720
26.0	33.0	150.000000	220.000000	-0.000360	-0.000800
27.0	33.0	160.000000	220.000000	-0.000380	-0.000880
28.0	33.0	170.000000	220.000000	-0.000420	-0.000960
29.0	33.0	180.000000	220.000000	-0.000440	-0.001040
30.0	33.0	190.000000	220.000000	-0.000460	-0.001110
31.0	33.0	200.000000	220.000000	-0.000490	-0.001180
32.0	33.0	210.000000	220.000000	-0.000540	-0.001290
33.0	33.0	220.000000	220.000000	-0.000590	-0.001390
34.0	33.0	230.000000	220.000000	-0.000600	-0.001420
35.0	33.0	240.000000	220.000000	-0.000620	-0.001410
36.0	33.0	250.000000	220.000000	-0.000730	-0.001410
1.0	34.0	-100.000000	230.000000	0.000050	0.000730
2.0	34.0	-90.000000	230.000000	-0.000030	0.000700
3.0	34.0	-80.000000	230.000000	-0.000010	0.000640
4.0	34.0	-70.000000	230.000000	0.000000	0.000610
5.0	34.0	-60.000000	230.000000	-0.000070	0.000480
6.0	34.0	-50.000000	230.000000	-0.000160	0.000440
7.0	34.0	-40.000000	230.000000	-0.000070	0.000330
8.0	34.0	-30.000000	230.000000	-0.000110	0.000230
9.0	34.0	-20.000000	230.000000	-0.000090	0.000110
10.0	34.0	-10.000000	230.000000	-0.000060	0.000050
11.0	34.0	0.000000	230.000000	-0.000090	-0.000030
12.0	34.0	10.000000	230.000000	-0.000120	-0.000090
13.0	34.0	20.000000	230.000000	-0.000140	-0.000100
14.0	34.0	30.000000	230.000000	-0.000180	-0.000140
15.0	34.0	40.000000	230.000000	-0.000160	-0.000180
16.0	34.0	50.000000	230.000000	-0.000270	-0.000270
17.0	34.0	60.000000	230.000000	-0.000180	-0.000340
18.0	34.0	70.000000	230.000000	-0.000140	-0.000450
19.0	34.0	80.000000	230.000000	-0.000240	-0.000550
20.0	34.0	90.000000	230.000000	-0.000300	-0.000570
21.0	34.0	100.000000	230.000000	-0.000380	-0.000550
22.0	34.0	110.000000	230.000000	-0.000390	-0.000630
23.0	34.0	120.000000	230.000000	-0.000360	-0.000720
24.0	34.0	130.000000	230.000000	-0.000340	-0.000750
25.0	34.0	140.000000	230.000000	-0.000320	-0.000780
26.0	34.0	150.000000	230.000000	-0.000410	-0.000850
27.0	34.0	160.000000	230.000000	-0.000460	-0.000890
28.0	34.0	170.000000	230.000000	-0.000450	-0.000980
29.0	34.0	180.000000	230.000000	-0.000480	-0.001060
30.0	34.0	190.000000	230.000000	-0.000480	-0.001130
31.0	34.0	200.000000	230.000000	-0.000490	-0.001200
32.0	34.0	210.000000	230.000000	-0.000530	-0.001300
33.0	34.0	220.000000	230.000000	-0.000560	-0.001400
34.0	34.0	230.000000	230.000000	-0.000640	-0.001430
35.0	34.0	240.000000	230.000000	-0.000640	-0.001420
36.0	34.0	250.000000	230.000000	-0.000760	-0.001400
1.0	35.0	-100.000000	240.000000	-0.000010	0.000820
2.0	35.0	-90.000000	240.000000	-0.000040	0.000770
3.0	35.0	-80.000000	240.000000	0.000000	0.000710
4.0	35.0	-70.000000	240.000000	0.000030	0.000700
5.0	35.0	-60.000000	240.000000	-0.000030	0.000630
6.0	35.0	-50.000000	240.000000	-0.000110	0.000580
7.0	35.0	-40.000000	240.000000	-0.000030	0.000470
8.0	35.0	-30.000000	240.000000	-0.000060	0.000360
9.0	35.0	-20.000000	240.000000	-0.000040	0.000250
10.0	35.0	-10.000000	240.000000	-0.000020	0.000120
11.0	35.0	0.000000	240.000000	-0.000020	0.000040
12.0	35.0	10.000000	240.000000	-0.000070	-0.000010
13.0	35.0	20.000000	240.000000	-0.000110	-0.000040
14.0	35.0	30.000000	240.000000	-0.000180	-0.000090
15.0	35.0	40.000000	240.000000	-0.000170	-0.000120
16.0	35.0	50.000000	240.000000	-0.000300	-0.000190
17.0	35.0	60.000000	240.000000	-0.000210	-0.000250
18.0	35.0	70.000000	240.000000	-0.000170	-0.000330
19.0	35.0	80.000000	240.000000	-0.000240	-0.000480
20.0	35.0	90.000000	240.000000	-0.000330	-0.000510
21.0	35.0	100.000000	240.000000	-0.000370	-0.000560
22.0	35.0	110.000000	240.000000	-0.000350	-0.000590
23.0	35.0	120.000000	240.000000	-0.000320	-0.000660
24.0	35.0	130.000000	240.000000	-0.000340	-0.000710
25.0	35.0	140.000000	240.000000	-0.000340	-0.000770
26.0	35.0	150.000000	240.000000	-0.000370	-0.000800
27.0	35.0	160.000000	240.000000	-0.000370	-0.000870
28.0	35.0	170.000000	240.000000	-0.000410	-0.000940
29.0	35.0	180.000000	240.000000	-0.000440	-0.001020
30.0	35.0	190.000000	240.000000	-0.000470	-0.001090
31.0	35.0	200.000000	240.000000	-0.000500	-0.001160
32.0	35.0	210.000000	240.000000	-0.000550	-0.001260
33.0	35.0	220.000000	240.000000	-0.000570	-0.001360
34.0	35.0	230.000000	240.000000	-0.000610	-0.001380
35.0	35.0	240.000000	240.000000	-0.000640	-0.001370
36.0	35.0	250.000000	240.000000	-0.000730	-0.001360
1.0	36.0	-100.000000	250.000000	0.000140	0.000690
2.0	36.0	-90.000000	250.000000	0.000040	0.000650
3.0	36.0	-80.000000	250.000000	0.000030	0.000620
4.0	36.0	-70.000000	250.000000	0.000060	0.000580
5.0	36.0	-60.000000	250.000000	-0.000060	0.000440
6.0	36.0	-50.000000	250.000000	-0.000120	0.000400
7.0	36.0	-40.000000	250.000000	-0.000050	0.000310
8.0	36.0	-30.000000	250.000000	-0.000070	0.000200
9.0	36.0	-20.000000	250.000000	-0.000070	0.000120
10.0	36.0	-10.000000	250.000000	-0.000080	0.000060
11.0	36.0	0.000000	250.000000	-0.000120	0.000000
12.0	36.0	10.000000	250.000000	-0.000160	-0.000060
13.0	36.0	20.000000	250.000000	-0.000180	-0.000080
14.0	36.0	30.000000	250.000000	-0.000220	-0.000100
15.0	36.0	40.000000	250.000000	-0.000200	-0.000160
16.0	36.0	50.000000	250.000000	-0.000270	-0.000250
17.0	36.0	60.000000	250.000000	-0.000160	-0.000290
18.0	36.0	70.000000	250.000000	-0.000150	-0.000380
19.0	36.0	80.000000	250.000000	-0.000230	-0.000500
20.0	36.0	90.000000	250.000000	-0.000300	-0.000540
21.0	36.0	100.000000	250.000000	-0.000350	-0.000570
22.0	36.0	110.000000	250.000000	-0.000340	-0.000600
23.0	36.0	120.000000	250.000000	-0.000300	-0.000680
24.0	36.0	130.000000	250.000000	-0.000360	-0.000710
25.0	36.0	140.000000	250.000000	-0.000370	-0.000730
26.0	36.0	150.000000	250.000000	-0.000410	-0.000820
27.0	36.0	160.000000	250.000000	-0.000390	-0.000890
28.0	36.0	170.000000	250.000000	-0.000420	-0.000950
29.0	36.0	180.000000	250.000000	-0.000480	-0.001040
30.0	36.0	190.000000	250.000000	-0.000530	-0.001120
31.0	36.0	200.000000	250.000000	-0.000570	-0.001170
32.0	36.0	210.000000	250.000000	-0.000570	-0.001260
33.0	36.0	220.000000	250.000000	-0.000590	-0.001340
34.0	36.0	230.000000	250.000000	-0.000600	-0.001360
35.0	36.0	240.000000	250.000000	-0.000630	-0.001350
36.0	36.0	250.000000	250.000000	-0.000720	-0.001370
