0.000000 -0.144463 -0.288925 -0.453388 -0.587850 -0.712313 -0.816776 -0.921238 -1.065701 -1.220164 -1.364626 -1.489089 -1.553551 -1.668014 -1.782477 -1.991762 -2.100307 -2.188853 -2.292399 -2.365945 -2.439491 -2.523037 -2.611583 -2.710129 -2.758675 -2.812220 -2.915766 -2.989312 -3.067858 -3.171404 -3.269950 -3.363496 -3.507042 -3.665587 -3.769133 -3.902679 -4.121796 -4.194425 -4.297054 -4.409684 -4.562313 -4.674942 -4.787571 -4.900200 -4.982829 -5.095458 -5.268088 -5.440717 -5.463346 -5.475975 -5.508604
-0.070000 -0.224463 -0.358925 -0.523388 -0.647850 -0.762313 -0.856776 -0.961238 -1.085701 -1.210164 -1.364626 -1.489089 -1.613551 -1.728014 -1.802477 -2.036762 -2.105307 -2.198853 -2.262399 -2.365945 -2.469491 -2.563037 -2.641583 -2.740129 -2.818675 -2.917220 -2.985766 -3.094312 -3.197858 -3.291404 -3.389950 -3.458496 -3.557042 -3.695587 -3.779133 -3.872679 -4.071796 -4.134425 -4.217054 -4.299684 -4.452313 -4.574942 -4.707571 -4.830200 -4.932829 -5.055458 -5.248088 -5.400717 -5.473346 -5.495975 -5.528604
-0.120000 -0.234463 -0.348925 -0.523388 -0.647850 -0.712313 -0.786776 -0.921238 -1.085701 -1.190164 -1.344626 -1.489089 -1.583551 -1.728014 -1.752477 -2.011762 -2.085307 -2.183853 -2.277399 -2.415945 -2.519491 -2.608037 -2.676583 -2.765129 -2.863675 -2.957220 -3.035766 -3.129312 -3.217858 -3.296404 -3.384950 -3.478496 -3.592042 -3.700587 -3.794133 -3.927679 -4.131796 -4.244425 -4.387054 -4.439684 -4.562313 -4.684942 -4.817571 -4.950200 -5.072829 -5.175458 -5.368088 -5.530717 -5.573346 -5.575975 -5.608604
-0.030000 -0.094463 -0.238925 -0.363388 -0.507850 -0.632313 -0.776776 -0.891238 -1.035701 -1.140164 -1.244626 -1.369089 -1.483551 -1.618014 -1.742477 -1.911762 -1.990307 -2.158853 -2.257399 -2.355945 -2.439491 -2.563037 -2.666583 -2.725129 -2.798675 -2.887220 -2.990766 -3.074312 -3.177858 -3.261404 -3.329950 -3.408496 -3.512042 -3.635587 -3.739133 -3.827679 -4.081796 -4.184425 -4.277054 -4.459684 -4.562313 -4.674942 -4.797571 -4.910200 -5.052829 -5.165458 -5.278088 -5.400717 -5.433346 -5.475975 -5.528604
0.000000 -0.154463 -0.248925 -0.423388 -0.557850 -0.662313 -0.736776 -0.831238 -1.005701 -1.110164 -1.264626 -1.389089 -1.483551 -1.588014 -1.722477 -1.946762 -2.040307 -2.133853 -2.237399 -2.310945 -2.429491 -2.553037 -2.646583 -2.720129 -2.818675 -2.912220 -2.995766 -3.089312 -3.212858 -3.286404 -3.379950 -3.468496 -3.577042 -3.680587 -3.759133 -3.882679 -4.101796 -4.144425 -4.247054 -4.389684 -4.512313 -4.604942 -4.737571 -4.890200 -5.002829 -5.115458 -5.258088 -5.400717 -5.433346 -5.465975 -5.488604
0.040000 -0.114463 -0.288925 -0.423388 -0.567850 -0.702313 -0.816776 -0.871238 -1.005701 -1.160164 -1.314626 -1.479089 -1.573551 -1.688014 -1.782477 -1.996762 -2.060307 -2.168853 -2.227399 -2.310945 -2.444491 -2.538037 -2.656583 -2.740129 -2.838675 -2.937220 -3.010766 -3.079312 -3.197858 -3.311404 -3.409950 -3.508496 -3.642042 -3.720587 -3.824133 -3.992679 -4.091796 -4.224425 -4.317054 -4.409684 -4.562313 -4.684942 -4.817571 -4.970200 -5.092829 -5.245458 -5.448088 -5.610717 -5.683346 -5.705975 -5.708604
0.050000 -0.124463 -0.278925 -0.433388 -0.527850 -0.602313 -0.766776 -0.931238 -1.055701 -1.130164 -1.254626 -1.379089 -1.483551 -1.598014 -1.652477 -1.941762 -2.025307 -2.118853 -2.222399 -2.290945 -2.404491 -2.468037 -2.601583 -2.705129 -2.858675 -2.977220 -3.065766 -3.164312 -3.277858 -3.371404 -3.444950 -3.578496 -3.692042 -3.815587 -3.914133 -3.977679 -4.201796 -4.284425 -4.417054 -4.509684 -4.632313 -4.754942 -4.877571 -5.000200 -5.122829 -5.245458 -5.418088 -5.570717 -5.623346 -5.635975 -5.678604
0.030000 -0.104463 -0.268925 -0.433388 -0.547850 -0.652313 -0.726776 -0.841238 -1.005701 -1.160164 -1.294626 -1.459089 -1.593551 -1.668014 -1.742477 -1.971762 -2.060307 -2.133853 -2.197399 -2.300945 -2.429491 -2.533037 -2.621583 -2.700129 -2.813675 -2.902220 -2.945766 -3.034312 -3.107858 -3.201404 -3.274950 -3.428496 -3.577042 -3.710587 -3.829133 -3.922679 -4.171796 -4.264425 -4.377054 -4.519684 -4.602313 -4.714942 -4.827571 -4.970200 -5.072829 -5.195458 -5.368088 -5.530717 -5.593346 -5.615975 -5.628604
0.110000 -0.084463 -0.228925 -0.303388 -0.437850 -0.622313 -0.736776 -0.851238 -0.975701 -1.100164 -1.234626 -1.389089 -1.523551 -1.618014 -1.732477 -1.961762 -2.015307 -2.113853 -2.217399 -2.290945 -2.394491 -2.513037 -2.606583 -2.705129 -2.798675 -2.887220 -2.945766 -3.044312 -3.132858 -3.261404 -3.354950 -3.433496 -3.482042 -3.575587 -3.629133 -3.752679 -4.031796 -4.134425 -4.267054 -4.379684 -4.572313 -4.704942 -4.827571 -4.940200 -5.042829 -5.145458 -5.298088 -5.450717 -5.513346 -5.555975 -5.588604
0.100000 -0.044463 -0.188925 -0.353388 -0.487850 -0.552313 -0.646776 -0.761238 -0.895701 -1.030164 -1.184626 -1.349089 -1.453551 -1.558014 -1.642477 -1.886762 -1.970307 -2.073853 -2.177399 -2.255945 -2.354491 -2.463037 -2.521583 -2.615129 -2.708675 -2.817220 -2.935766 -3.039312 -3.122858 -3.226404 -3.319950 -3.423496 -3.497042 -3.555587 -3.714133 -3.807679 -3.991796 -4.124425 -4.287054 -4.369684 -4.462313 -4.574942 -4.717571 -4.860200 -4.972829 -5.105458 -5.278088 -5.410717 -5.463346 -5.475975 -5.528604
0.080000 -0.064463 -0.208925 -0.373388 -0.507850 -0.652313 -0.786776 -0.911238 -1.045701 -1.180164 -1.314626 -1.469089 -1.593551 -1.688014 -1.742477 -1.936762 -2.000307 -2.083853 -2.177399 -2.290945 -2.414491 -2.513037 -2.611583 -2.670129 -2.743675 -2.847220 -2.910766 -3.024312 -3.102858 -3.186404 -3.289950 -3.418496 -3.547042 -3.670587 -3.779133 -3.862679 -4.011796 -4.144425 -4.257054 -4.429684 -4.542313 -4.664942 -4.777571 -4.900200 -5.002829 -5.125458 -5.308088 -5.460717 -5.513346 -5.525975 -5.568604
0.010000 -0.124463 -0.258925 -0.443388 -0.577850 -0.682313 -0.756776 -0.861238 -0.955701 -1.100164 -1.244626 -1.329089 -1.523551 -1.658014 -1.732477 -1.896762 -1.970307 -2.048853 -2.107399 -2.255945 -2.374491 -2.483037 -2.576583 -2.680129 -2.773675 -2.872220 -2.925766 -2.994312 -3.072858 -3.166404 -3.259950 -3.388496 -3.502042 -3.605587 -3.739133 -3.842679 -4.091796 -4.204425 -4.277054 -4.389684 -4.562313 -4.684942 -4.797571 -4.940200 -5.042829 -5.165458 -5.348088 -5.500717 -5.533346 -5.555975 -5.588604
0.140000 -0.064463 -0.208925 -0.383388 -0.547850 -0.672313 -0.776776 -0.881238 -1.035701 -1.180164 -1.314626 -1.449089 -1.583551 -1.668014 -1.732477 -1.861762 -1.905307 -2.033853 -2.162399 -2.275945 -2.384491 -2.498037 -2.606583 -2.685129 -2.753675 -2.847220 -2.970766 -3.059312 -3.142858 -3.216404 -3.324950 -3.398496 -3.547042 -3.725587 -3.839133 -3.942679 -4.071796 -4.134425 -4.267054 -4.399684 -4.492313 -4.674942 -4.837571 -4.970200 -5.082829 -5.205458 -5.388088 -5.530717 -5.583346 -5.605975 -5.638604
0.140000 -0.044463 -0.208925 -0.333388 -0.507850 -0.632313 -0.746776 -0.861238 -1.015701 -1.140164 -1.244626 -1.399089 -1.573551 -1.688014 -1.782477 -1.921762 -1.965307 -2.058853 -2.177399 -2.285945 -2.384491 -2.498037 -2.596583 -2.700129 -2.793675 -2.872220 -2.955766 -3.039312 -3.122858 -3.201404 -3.284950 -3.378496 -3.442042 -3.610587 -3.744133 -3.882679 -4.101796 -4.214425 -4.297054 -4.419684 -4.552313 -4.694942 -4.807571 -4.920200 -5.032829 -5.155458 -5.338088 -5.500717 -5.553346 -5.585975 -5.628604
0.110000 -0.044463 -0.178925 -0.353388 -0.527850 -0.672313 -0.786776 -0.891238 -0.995701 -1.100164 -1.234626 -1.389089 -1.533551 -1.628014 -1.732477 -1.861762 -1.940307 -2.068853 -2.147399 -2.285945 -2.404491 -2.493037 -2.556583 -2.645129 -2.748675 -2.822220 -2.895766 -2.994312 -3.017858 -3.181404 -3.274950 -3.408496 -3.552042 -3.685587 -3.809133 -3.887679 -4.031796 -4.134425 -4.217054 -4.349684 -4.492313 -4.584942 -4.717571 -4.840200 -4.952829 -5.075458 -5.238088 -5.410717 -5.483346 -5.525975 -5.568604
0.182980 0.037613 -0.117753 -0.293120 -0.443486 -0.588853 -0.694220 -0.814586 -0.959953 -1.095320 -1.205686 -1.351053 -1.501420 -1.626786 -1.707153 -1.789414 -1.880847 -1.984779 -2.118712 -2.220144 -2.354077 -2.460509 -2.556942 -2.670874 -2.757307 -2.836239 -2.945171 -3.054104 -3.155536 -3.254469 -3.365901 -3.507334 -3.638766 -3.775199 -3.884131 -3.948064 -4.383773 -4.501272 -4.598770 -4.736268 -4.898767 -5.036265 -5.148763 -5.281261 -5.403760 -5.546258 -5.733756 -5.901255 -5.973753 -6.031251 -6.083749
0.302980 0.112613 -0.067753 -0.243120 -0.388486 -0.518853 -0.644220 -0.784586 -0.894953 -1.030320 -1.135686 -1.281053 -1.456420 -1.526786 -1.602153 -1.729414 -1.810847 -1.897279 -2.028712 -2.167644 -2.289077 -2.418009 -2.524442 -2.613374 -2.714807 -2.811239 -2.912671 -2.994104 -3.095536 -3.211969 -3.305901 -3.457334 -3.631266 -3.802699 -3.919131 -4.020564 -4.298773 -4.451272 -4.583770 -4.716268 -4.843767 -4.986265 -5.098763 -5.231261 -5.353760 -5.496258 -5.693756 -5.866255 -5.938753 -6.006251 -6.068749
0.242980 0.047613 -0.147753 -0.328120 -0.443486 -0.548853 -0.654220 -0.814586 -0.964953 -1.120320 -1.250686 -1.406053 -1.526420 -1.596786 -1.692153 -1.724414 -1.778347 -1.907279 -2.041212 -2.137644 -2.239077 -2.355509 -2.476942 -2.588374 -2.692307 -2.803739 -2.907671 -3.031604 -3.150536 -3.276969 -3.373401 -3.472334 -3.596266 -3.742699 -3.861631 -4.003064 -4.338773 -4.476272 -4.583770 -4.736268 -4.873767 -5.021265 -5.138763 -5.256261 -5.368760 -5.501258 -5.693756 -5.871255 -5.963753 -6.016251 -6.058749
0.177980 0.082613 -0.047753 -0.228120 -0.393486 -0.518853 -0.634220 -0.739586 -0.879953 -1.035320 -1.175686 -1.316053 -1.441420 -1.536786 -1.577153 -1.691914 -1.775847 -1.859779 -2.016212 -2.125144 -2.261577 -2.385509 -2.516942 -2.620874 -2.734807 -2.848739 -2.912671 -2.989104 -3.085536 -3.196969 -3.315901 -3.429834 -3.561266 -3.727699 -3.829131 -3.935564 -4.303773 -4.461272 -4.563770 -4.731268 -4.833767 -4.966265 -5.088763 -5.241261 -5.358760 -5.496258 -5.678756 -5.861255 -5.948753 -6.001251 -6.053749
0.212980 0.067613 -0.112753 -0.283120 -0.408486 -0.543853 -0.649220 -0.784586 -0.934953 -1.070320 -1.190686 -1.326053 -1.466420 -1.566786 -1.657153 -1.716914 -1.770847 -1.874779 -2.008712 -2.095144 -2.196577 -2.315509 -2.439442 -2.570874 -2.674807 -2.771239 -2.892671 -2.991604 -3.105536 -3.199469 -3.330901 -3.474834 -3.631266 -3.765199 -3.866631 -3.983064 -4.263773 -4.356272 -4.478770 -4.636268 -4.773767 -4.921265 -5.063763 -5.211261 -5.328760 -5.476258 -5.673756 -5.856255 -5.943753 -5.996251 -6.043749
0.227980 0.067613 -0.112753 -0.333120 -0.453486 -0.593853 -0.734220 -0.864586 -0.994953 -1.115320 -1.250686 -1.381053 -1.476420 -1.596786 -1.662153 -1.724414 -1.785847 -1.887279 -2.036212 -2.145144 -2.274077 -2.380509 -2.491942 -2.600874 -2.717307 -2.808739 -2.922671 -3.039104 -3.130536 -3.244469 -3.343401 -3.489834 -3.621266 -3.780199 -3.871631 -3.995564 -4.298773 -4.411272 -4.528770 -4.606268 -4.768767 -4.946265 -5.098763 -5.251261 -5.378760 -5.511258 -5.698756 -5.861255 -5.943753 -5.991251 -6.038749
0.127980 -0.022387 -0.167753 -0.353120 -0.488486 -0.633853 -0.744220 -0.879586 -0.999953 -1.125320 -1.245686 -1.391053 -1.486420 -1.561786 -1.622153 -1.724414 -1.785847 -1.877279 -2.003712 -2.142644 -2.256577 -2.395509 -2.521942 -2.618374 -2.737307 -2.833739 -2.910171 -3.054104 -3.163036 -3.294469 -3.403401 -3.527334 -3.633766 -3.777699 -3.924131 -4.033064 -4.293773 -4.401272 -4.518770 -4.651268 -4.803767 -4.931265 -5.053763 -5.191261 -5.303760 -5.436258 -5.613756 -5.766255 -5.838753 -5.891251 -5.953749
0.107980 -0.047387 -0.232753 -0.428120 -0.568486 -0.703853 -0.839220 -0.939586 -1.074953 -1.180320 -1.310686 -1.431053 -1.526420 -1.631786 -1.702153 -1.751914 -1.815847 -1.937279 -2.051212 -2.160144 -2.289077 -2.423009 -2.536942 -2.635874 -2.739807 -2.836239 -2.915171 -3.026604 -3.143036 -3.274469 -3.398401 -3.512334 -3.668766 -3.830199 -3.941631 -4.048064 -4.288773 -4.391272 -4.568770 -4.656268 -4.788767 -4.926265 -5.053763 -5.181261 -5.318760 -5.471258 -5.643756 -5.826255 -5.908753 -5.961251 -6.008749
0.017980 -0.117387 -0.282753 -0.453120 -0.583486 -0.708853 -0.834220 -0.964586 -1.094953 -1.215320 -1.340686 -1.466053 -1.591420 -1.686786 -1.762153 -1.799414 -1.845847 -1.929779 -2.071212 -2.205144 -2.331577 -2.448009 -2.561942 -2.660874 -2.762307 -2.866239 -2.957671 -3.076604 -3.193036 -3.314469 -3.433401 -3.529834 -3.628766 -3.780199 -3.929131 -4.043064 -4.278773 -4.436272 -4.528770 -4.641268 -4.788767 -4.936265 -5.058763 -5.191261 -5.323760 -5.451258 -5.633756 -5.806255 -5.878753 -5.931251 -5.998749
-0.017020 -0.157387 -0.337753 -0.528120 -0.653486 -0.788853 -0.909220 -1.009586 -1.124953 -1.230320 -1.365686 -1.516053 -1.651420 -1.736786 -1.772153 -1.789414 -1.875847 -1.974779 -2.076212 -2.180144 -2.311577 -2.438009 -2.569442 -2.688374 -2.794807 -2.926239 -3.015171 -3.109104 -3.205536 -3.304469 -3.418401 -3.522334 -3.651266 -3.802699 -3.921631 -4.040564 -4.293773 -4.396272 -4.488770 -4.621268 -4.788767 -4.916265 -5.028763 -5.166261 -5.293760 -5.431258 -5.618756 -5.776255 -5.858753 -5.901251 -5.953749
-0.127020 -0.282387 -0.442753 -0.623120 -0.748486 -0.853853 -0.964220 -1.094586 -1.199953 -1.310320 -1.405686 -1.531053 -1.636420 -1.741786 -1.817153 -1.799414 -1.875847 -1.964779 -2.086212 -2.222644 -2.334077 -2.460509 -2.559442 -2.665874 -2.772307 -2.873739 -2.932671 -3.051604 -3.188036 -3.284469 -3.383401 -3.514834 -3.643766 -3.770199 -3.866631 -3.970564 -4.213773 -4.341272 -4.498770 -4.616268 -4.748767 -4.886265 -5.023763 -5.161261 -5.283760 -5.416258 -5.603756 -5.756255 -5.828753 -5.871251 -5.918749
-0.177020 -0.327387 -0.477753 -0.638120 -0.758486 -0.888853 -0.989220 -1.099586 -1.219953 -1.345320 -1.460686 -1.581053 -1.671420 -1.751786 -1.812153 -1.844414 -1.960847 -2.002279 -2.133712 -2.240144 -2.364077 -2.495509 -2.591942 -2.708374 -2.812307 -2.896239 -3.000171 -3.099104 -3.195536 -3.304469 -3.420901 -3.517334 -3.646266 -3.810199 -3.939131 -4.030564 -4.213773 -4.336272 -4.463770 -4.571268 -4.708767 -4.856265 -4.963763 -5.086261 -5.188760 -5.326258 -5.498756 -5.666255 -5.733753 -5.776251 -5.838749
-0.227020 -0.387387 -0.537753 -0.708120 -0.818486 -0.908853 -1.024220 -1.124586 -1.239953 -1.340320 -1.445686 -1.601053 -1.661420 -1.741786 -1.812153 -1.846914 -1.918347 -2.027279 -2.101212 -2.190144 -2.291577 -2.425509 -2.539442 -2.663374 -2.754807 -2.848739 -2.955171 -3.044104 -3.133036 -3.226969 -3.335901 -3.442334 -3.583766 -3.682699 -3.801631 -3.908064 -4.123773 -4.241272 -4.333770 -4.466268 -4.593767 -4.736265 -4.848763 -4.971261 -5.103760 -5.251258 -5.423756 -5.576255 -5.643753 -5.681251 -5.723749
-0.352020 -0.482387 -0.632753 -0.803120 -0.933486 -1.053853 -1.129220 -1.229586 -1.319953 -1.425320 -1.525686 -1.641053 -1.721420 -1.786786 -1.877153 -1.889414 -1.945847 -2.029779 -2.128712 -2.250144 -2.336577 -2.430509 -2.539442 -2.615874 -2.694807 -2.791239 -2.867671 -2.981604 -3.105536 -3.216969 -3.340901 -3.434834 -3.556266 -3.680199 -3.774131 -3.895564 -4.073773 -4.196272 -4.298770 -4.411268 -4.548767 -4.706265 -4.813763 -4.931261 -5.028760 -5.166258 -5.338756 -5.481255 -5.543753 -5.586251 -5.623749
-0.452020 -0.582387 -0.727753 -0.898120 -0.998486 -1.103853 -1.174220 -1.279586 -1.399953 -1.535320 -1.635686 -1.741053 -1.836420 -1.906786 -1.932153 -1.916914 -1.985847 -2.067279 -2.196212 -2.270144 -2.391577 -2.505509 -2.606942 -2.648374 -2.727307 -2.803739 -2.892671 -2.994104 -3.088036 -3.186969 -3.285901 -3.399834 -3.518766 -3.685199 -3.804131 -3.873064 -4.058773 -4.151272 -4.268770 -4.376268 -4.493767 -4.636265 -4.743763 -4.861261 -4.963760 -5.086258 -5.263756 -5.421255 -5.463753 -5.491251 -5.533749
-0.592020 -0.732387 -0.857753 -1.028120 -1.143486 -1.248853 -1.334220 -1.409586 -1.499953 -1.610320 -1.685686 -1.786053 -1.891420 -1.981786 -2.052153 -2.051914 -2.110847 -2.189779 -2.233712 -2.342644 -2.431577 -2.530509 -2.619442 -2.730874 -2.807307 -2.881239 -2.955171 -3.054104 -3.178036 -3.256969 -3.318401 -3.394834 -3.516266 -3.647699 -3.739131 -3.845564 -4.033773 -4.131272 -4.238770 -4.326268 -4.438767 -4.551265 -4.653763 -4.771261 -4.868760 -4.976258 -5.148756 -5.306255 -5.343753 -5.351251 -5.393749
-0.807020 -0.912387 -1.037753 -1.178120 -1.288486 -1.408853 -1.484220 -1.584586 -1.659953 -1.740320 -1.800686 -1.896053 -1.976420 -2.076786 -2.127153 -2.111914 -2.163347 -2.257279 -2.328712 -2.427644 -2.534077 -2.603009 -2.689442 -2.770874 -2.869807 -2.918739 -2.992671 -3.084104 -3.173036 -3.256969 -3.328401 -3.439834 -3.576266 -3.705199 -3.769131 -3.825564 -4.063773 -4.161272 -4.263770 -4.326268 -4.448767 -4.551265 -4.653763 -4.756261 -4.843760 -4.966258 -5.108756 -5.251255 -5.293753 -5.301251 -5.333749
-0.972020 -1.067387 -1.197753 -1.333120 -1.428486 -1.518853 -1.604220 -1.674586 -1.739953 -1.825320 -1.905686 -1.986053 -2.041420 -2.136786 -2.147153 -2.104414 -2.210847 -2.297279 -2.408712 -2.485144 -2.551577 -2.670509 -2.769442 -2.828374 -2.917307 -2.976239 -3.042671 -3.141604 -3.183036 -3.229469 -3.288401 -3.392334 -3.518766 -3.645199 -3.719131 -3.798064 -3.963773 -4.081272 -4.158770 -4.236268 -4.318767 -4.426265 -4.523763 -4.621261 -4.708760 -4.831258 -4.988756 -5.126255 -5.173753 -5.201251 -5.228749
-1.032020 -1.137387 -1.287753 -1.443120 -1.538486 -1.618853 -1.674220 -1.734586 -1.794953 -1.875320 -1.945686 -2.041053 -2.136420 -2.136786 -2.172153 -2.131914 -2.208347 -2.284779 -2.341212 -2.417644 -2.511577 -2.610509 -2.681942 -2.778374 -2.844807 -2.911239 -2.990171 -3.079104 -3.165536 -3.224469 -3.295901 -3.384834 -3.493766 -3.592699 -3.629131 -3.710564 -3.913773 -4.011272 -4.078770 -4.136268 -4.258767 -4.366265 -4.453763 -4.551261 -4.628760 -4.721258 -4.848756 -4.961255 -5.013753 -5.051251 -5.088749
-1.207020 -1.337387 -1.452753 -1.583120 -1.668486 -1.743853 -1.809220 -1.904586 -1.974953 -2.055320 -2.125686 -2.206053 -2.241420 -2.296786 -2.302153 -2.259414 -2.320847 -2.369779 -2.451212 -2.532644 -2.609077 -2.683009 -2.764442 -2.845874 -2.919807 -2.966239 -3.005171 -3.081604 -3.135536 -3.196969 -3.280901 -3.362334 -3.456266 -3.550199 -3.614131 -3.705564 -3.838773 -3.991272 -4.058770 -4.131268 -4.223767 -4.331265 -4.413763 -4.506261 -4.573760 -4.671258 -4.813756 -4.931255 -4.963753 -4.966251 -4.983749
-1.322020 -1.447387 -1.562753 -1.678120 -1.748486 -1.803853 -1.859220 -1.929586 -1.984953 -2.050320 -2.115686 -2.191053 -2.251420 -2.291786 -2.327153 -2.279414 -2.325847 -2.382279 -2.458712 -2.507644 -2.601577 -2.660509 -2.724442 -2.785874 -2.864807 -2.946239 -2.977671 -3.016604 -3.080536 -3.106969 -3.193401 -3.284834 -3.376266 -3.502699 -3.566631 -3.630564 -3.788773 -3.856272 -3.923770 -4.006268 -4.113767 -4.226265 -4.313763 -4.406261 -4.478760 -4.571258 -4.708756 -4.826255 -4.853753 -4.866251 -4.888749
-1.514040 -1.560310 -1.646581 -1.762852 -1.859122 -1.925393 -1.991664 -2.057934 -2.104205 -2.170476 -2.196746 -2.293017 -2.329288 -2.405558 -2.461829 -2.307067 -2.346386 -2.350705 -2.440024 -2.539343 -2.598662 -2.702981 -2.807300 -2.886619 -2.970939 -3.065258 -3.144577 -3.178896 -3.263215 -3.302534 -3.361853 -3.436172 -3.495491 -3.629810 -3.739129 -3.798448 -4.055751 -4.138118 -4.220486 -4.302853 -4.425220 -4.517588 -4.619955 -4.712323 -4.794690 -4.887058 -5.019425 -5.151792 -5.194160 -5.216527 -5.248895
-1.674040 -1.730310 -1.826581 -1.952852 -2.049122 -2.095393 -2.141664 -2.197934 -2.284205 -2.350476 -2.426746 -2.453017 -2.499288 -2.535558 -2.521829 -2.327067 -2.366386 -2.420705 -2.550024 -2.624343 -2.698662 -2.772981 -2.847300 -2.936619 -3.005939 -3.075258 -3.119577 -3.183896 -3.223215 -3.297534 -3.316853 -3.381172 -3.535491 -3.624810 -3.719129 -3.748448 -4.005751 -4.098118 -4.180486 -4.272853 -4.385220 -4.507588 -4.609955 -4.712323 -4.794690 -4.877058 -4.989425 -5.091792 -5.104160 -5.096527 -5.138895
-1.734040 -1.790310 -1.936581 -2.032852 -2.119122 -2.175393 -2.241664 -2.327934 -2.394205 -2.470476 -2.546746 -2.613017 -2.659288 -2.665558 -2.661829 -2.442067 -2.441386 -2.510705 -2.565024 -2.704343 -2.798662 -2.842981 -2.947300 -3.031619 -3.120939 -3.180258 -3.189577 -3.263896 -3.303215 -3.342534 -3.491853 -3.536172 -3.605491 -3.689810 -3.744129 -3.783448 -4.025751 -4.118118 -4.190486 -4.262853 -4.365220 -4.467588 -4.549955 -4.642323 -4.724690 -4.817058 -4.969425 -5.091792 -5.104160 -5.086527 -5.098895
-1.824040 -1.880310 -1.966581 -2.062852 -2.139122 -2.205393 -2.301664 -2.367934 -2.414205 -2.480476 -2.576746 -2.603017 -2.599288 -2.695558 -2.671829 -2.487067 -2.496386 -2.520705 -2.605024 -2.684343 -2.753662 -2.867981 -2.982300 -3.046619 -3.090939 -3.190258 -3.224577 -3.288896 -3.328215 -3.337534 -3.356853 -3.446172 -3.510491 -3.604810 -3.609129 -3.658448 -3.975751 -4.078118 -4.110486 -4.162853 -4.255220 -4.357588 -4.439955 -4.532323 -4.614690 -4.717058 -4.859425 -4.971792 -5.014160 -5.006527 -5.018895
-1.874040 -1.960310 -2.086581 -2.202852 -2.279122 -2.365393 -2.401664 -2.457934 -2.494205 -2.550476 -2.616746 -2.663017 -2.659288 -2.715558 -2.721829 -2.427067 -2.451386 -2.505705 -2.555024 -2.614343 -2.713662 -2.787981 -2.862300 -2.936619 -3.005939 -3.065258 -3.099577 -3.153896 -3.193215 -3.242534 -3.281853 -3.326172 -3.465491 -3.594810 -3.619129 -3.613448 -3.905751 -3.978118 -4.040486 -4.082853 -4.195220 -4.307588 -4.389955 -4.482323 -4.554690 -4.627058 -4.749425 -4.871792 -4.914160 -4.906527 -4.918895
-2.044040 -2.140310 -2.256581 -2.342852 -2.429122 -2.465393 -2.531664 -2.597934 -2.654205 -2.700476 -2.746746 -2.813017 -2.849288 -2.855558 -2.861829 -2.582067 -2.621386 -2.685705 -2.660024 -2.754343 -2.848662 -2.902981 -2.992300 -3.051619 -3.085939 -3.155258 -3.184577 -3.193896 -3.263215 -3.337534 -3.396853 -3.496172 -3.595491 -3.639810 -3.699129 -3.738448 -3.885751 -3.968118 -4.010486 -4.092853 -4.185220 -4.267588 -4.339955 -4.432323 -4.494690 -4.587058 -4.729425 -4.831792 -4.844160 -4.836527 -4.828895
-2.104040 -2.200310 -2.296581 -2.392852 -2.449122 -2.495393 -2.531664 -2.567934 -2.604205 -2.620476 -2.666746 -2.743017 -2.789288 -2.745558 -2.791829 -2.592067 -2.571386 -2.635705 -2.640024 -2.749343 -2.838662 -2.912981 -2.967300 -3.066619 -3.110939 -3.190258 -3.229577 -3.288896 -3.308215 -3.282534 -3.331853 -3.341172 -3.385491 -3.489810 -3.569129 -3.673448 -3.865751 -3.888118 -3.940486 -4.012853 -4.125220 -4.217588 -4.299955 -4.382323 -4.454690 -4.507058 -4.649425 -4.751792 -4.784160 -4.766527 -4.758895
-2.304040 -2.380310 -2.446581 -2.522852 -2.579122 -2.645393 -2.681664 -2.727934 -2.764205 -2.810476 -2.856746 -2.923017 -2.939288 -2.965558 -2.971829 -2.672067 -2.696386 -2.715705 -2.710024 -2.784343 -2.858662 -2.972981 -3.092300 -3.116619 -3.125939 -3.235258 -3.229577 -3.273896 -3.293215 -3.327534 -3.351853 -3.421172 -3.500491 -3.574810 -3.569129 -3.653448 -3.835751 -3.898118 -3.930486 -3.992853 -4.085220 -4.167588 -4.229955 -4.322323 -4.394690 -4.437058 -4.549425 -4.641792 -4.674160 -4.686527 -4.678895
-2.334040 -2.410310 -2.526581 -2.632852 -2.689122 -2.725393 -2.751664 -2.817934 -2.874205 -2.910476 -2.926746 -2.983017 -2.999288 -3.005558 -3.021829 -2.682067 -2.731386 -2.785705 -2.845024 -2.869343 -2.913662 -2.947981 -3.017300 -3.016619 -3.070939 -3.135258 -3.179577 -3.198896 -3.238215 -3.312534 -3.321853 -3.361172 -3.410491 -3.474810 -3.499129 -3.553448 -3.745751 -3.768118 -3.820486 -3.862853 -3.945220 -4.047588 -4.109955 -4.222323 -4.284690 -4.337058 -4.459425 -4.561792 -4.574160 -4.546527 -4.548895
-2.474040 -2.550310 -2.616581 -2.692852 -2.769122 -2.825393 -2.861664 -2.897934 -2.954205 -3.000476 -3.046746 -3.103017 -3.129288 -3.125558 -3.101829 -2.712067 -2.736386 -2.755705 -2.810024 -2.834343 -2.878662 -2.947981 -3.027300 -3.116619 -3.165939 -3.240258 -3.259577 -3.268896 -3.303215 -3.367534 -3.381853 -3.396172 -3.460491 -3.544810 -3.629129 -3.648448 -3.785751 -3.848118 -3.860486 -3.892853 -3.975220 -4.027588 -4.109955 -4.192323 -4.244690 -4.317058 -4.419425 -4.521792 -4.534160 -4.506527 -4.488895
-2.524040 -2.610310 -2.656581 -2.742852 -2.829122 -2.885393 -2.931664 -2.957934 -2.984205 -3.020476 -3.046746 -3.073017 -3.099288 -3.125558 -3.121829 -2.847067 -2.831386 -2.855705 -2.845024 -2.894343 -2.938662 -2.972981 -3.067300 -3.121619 -3.185939 -3.215258 -3.259577 -3.238896 -3.268215 -3.302534 -3.336853 -3.416172 -3.485491 -3.524810 -3.554129 -3.623448 -3.755751 -3.758118 -3.810486 -3.852853 -3.935220 -4.017588 -4.079955 -4.152323 -4.224690 -4.287058 -4.409425 -4.511792 -4.524160 -4.506527 -4.478895
-2.484040 -2.590310 -2.686581 -2.772852 -2.829122 -2.845393 -2.861664 -2.897934 -2.954205 -3.040476 -3.076746 -3.133017 -3.159288 -3.145558 -3.111829 -2.732067 -2.696386 -2.735705 -2.765024 -2.869343 -2.903662 -2.967981 -3.027300 -3.096619 -3.145939 -3.175258 -3.214577 -3.218896 -3.243215 -3.297534 -3.321853 -3.376172 -3.455491 -3.519810 -3.554129 -3.568448 -3.595751 -3.658118 -3.700486 -3.722853 -3.795220 -3.867588 -3.939955 -4.012323 -4.074690 -4.137058 -4.239425 -4.331792 -4.354160 -4.336527 -4.328895
-2.554040 -2.630310 -2.696581 -2.782852 -2.869122 -2.915393 -2.911664 -2.927934 -2.944205 -2.990476 -2.996746 -3.033017 -3.069288 -3.095558 -3.031829 -2.762067 -2.741386 -2.785705 -2.820024 -2.884343 -2.918662 -2.967981 -3.027300 -3.106619 -3.090939 -3.165258 -3.204577 -3.233896 -3.248215 -3.257534 -3.291853 -3.381172 -3.435491 -3.499810 -3.514129 -3.528448 -3.655751 -3.738118 -3.760486 -3.782853 -3.845220 -3.877588 -3.959955 -4.032323 -4.094690 -4.157058 -4.249425 -4.341792 -4.364160 -4.346527 -4.318895
-2.684040 -2.740310 -2.806581 -2.902852 -2.959122 -3.015393 -3.031664 -3.067934 -3.104205 -3.130476 -3.156746 -3.183017 -3.229288 -3.275558 -3.251829 -2.762067 -2.791386 -2.840705 -2.820024 -2.864343 -2.883662 -2.932981 -2.977300 -3.066619 -3.140939 -3.210258 -3.279577 -3.283896 -3.308215 -3.302534 -3.331853 -3.361172 -3.410491 -3.474810 -3.479129 -3.473448 -3.615751 -3.678118 -3.720486 -3.772853 -3.795220 -3.857588 -3.919955 -3.992323 -4.054690 -4.117058 -4.209425 -4.301792 -4.314160 -4.296527 -4.278895
-2.724040 -2.780310 -2.856581 -2.972852 -3.019122 -3.045393 -3.081664 -3.127934 -3.144205 -3.170476 -3.206746 -3.263017 -3.319288 -3.315558 -3.311829 -2.897067 -2.861386 -2.890705 -2.925024 -2.984343 -3.048662 -3.092981 -3.147300 -3.196619 -3.235939 -3.260258 -3.274577 -3.293896 -3.283215 -3.332534 -3.366853 -3.386172 -3.445491 -3.499810 -3.514129 -3.558448 -3.625751 -3.698118 -3.720486 -3.732853 -3.815220 -3.877588 -3.929955 -4.012323 -4.084690 -4.127058 -4.209425 -4.281792 -4.294160 -4.276527 -4.288895
