-250.0000, -250.0000, -0.9227, 1.8348
-240.0000, -250.0000, -0.9427, 1.6741
-230.0000, -250.0000, -0.9627, 1.5134
-220.0000, -250.0000, -0.9627, 1.3327
-210.0000, -250.0000, -0.9727, 1.1819
-200.0000, -250.0000, -0.9727, 1.0412
-190.0000, -250.0000, -0.9427, 0.9205
-180.0000, -250.0000, -0.9927, 0.7998
-170.0000, -250.0000, -0.9727, 0.6391
-160.0000, -250.0000, -0.9427, 0.4683
-150.0000, -250.0000, -0.9627, 0.3076
-140.0000, -250.0000, -0.9827, 0.1669
-130.0000, -250.0000, -0.9927, 0.0862
-120.0000, -250.0000, -1.0127, -0.0446
-110.0000, -250.0000, -0.9727, -0.1753
-100.0000, -250.0000, -0.9016, -0.3540
-90.0000, -250.0000, -0.9616, -0.4790
-80.0000, -250.0000, -0.9316, -0.5839
-70.0000, -250.0000, -0.8866, -0.7038
-60.0000, -250.0000, -0.9466, -0.7938
-50.0000, -250.0000, -0.9966, -0.8837
-40.0000, -250.0000, -0.9366, -0.9837
-30.0000, -250.0000, -0.9466, -1.0886
-20.0000, -250.0000, -0.9416, -1.2035
-10.0000, -250.0000, -0.9416, -1.2685
0.0000, -250.0000, -0.9066, -1.3384
10.0000, -250.0000, -0.9116, -1.4584
20.0000, -250.0000, -0.9716, -1.5483
30.0000, -250.0000, -1.0366, -1.6433
40.0000, -250.0000, -1.0166, -1.7632
50.0000, -250.0000, -1.1366, -1.8781
60.0000, -250.0000, -1.0316, -1.9881
70.0000, -250.0000, -0.9816, -2.1480
80.0000, -250.0000, -1.0266, -2.3230
90.0000, -250.0000, -1.0816, -2.4429
100.0000, -250.0000, -1.1416, -2.5929
110.0000, -250.0000, -1.1206, -2.7844
120.0000, -250.0000, -1.0906, -2.8736
130.0000, -250.0000, -1.0506, -2.9927
140.0000, -250.0000, -1.0106, -3.1219
150.0000, -250.0000, -1.0706, -3.2911
160.0000, -250.0000, -1.0506, -3.4202
170.0000, -250.0000, -1.0506, -3.5494
180.0000, -250.0000, -1.0606, -3.6785
190.0000, -250.0000, -1.1506, -3.7777
200.0000, -250.0000, -1.1806, -3.9069
210.0000, -250.0000, -1.1806, -4.0960
220.0000, -250.0000, -1.2206, -4.2852
230.0000, -250.0000, -1.2506, -4.3244
240.0000, -250.0000, -1.2606, -4.3535
250.0000, -250.0000, -1.3406, -4.4027
-250.0000, -240.0000, -0.8219, 1.7648
-240.0000, -240.0000, -0.8119, 1.5941
-230.0000, -240.0000, -0.8319, 1.4434
-220.0000, -240.0000, -0.8819, 1.2627
-210.0000, -240.0000, -0.8919, 1.1219
-200.0000, -240.0000, -0.9419, 0.9912
-190.0000, -240.0000, -0.9019, 0.8805
-180.0000, -240.0000, -0.9419, 0.7598
-170.0000, -240.0000, -0.9019, 0.6191
-160.0000, -240.0000, -0.8819, 0.4783
-150.0000, -240.0000, -0.9319, 0.3076
-140.0000, -240.0000, -0.9219, 0.1669
-130.0000, -240.0000, -0.9319, 0.0262
-120.0000, -240.0000, -0.9319, -0.1046
-110.0000, -240.0000, -0.9319, -0.1953
-100.0000, -240.0000, -0.9367, -0.3990
-90.0000, -240.0000, -0.9967, -0.4840
-80.0000, -240.0000, -0.9667, -0.5939
-70.0000, -240.0000, -0.9267, -0.6738
-60.0000, -240.0000, -0.9817, -0.7938
-50.0000, -240.0000, -1.0567, -0.9137
-40.0000, -240.0000, -1.0117, -1.0237
-30.0000, -240.0000, -1.0267, -1.1186
-20.0000, -240.0000, -1.0167, -1.2335
-10.0000, -240.0000, -1.0017, -1.3285
0.0000, -240.0000, -0.9767, -1.4434
10.0000, -240.0000, -1.0167, -1.5284
20.0000, -240.0000, -1.0617, -1.6533
30.0000, -240.0000, -1.1017, -1.7733
40.0000, -240.0000, -1.0567, -1.8832
50.0000, -240.0000, -1.1617, -1.9981
60.0000, -240.0000, -1.0867, -2.0831
70.0000, -240.0000, -1.0317, -2.1980
80.0000, -240.0000, -1.0817, -2.3530
90.0000, -240.0000, -1.1267, -2.4529
100.0000, -240.0000, -1.2017, -2.5629
110.0000, -240.0000, -1.1914, -2.7344
120.0000, -240.0000, -1.1714, -2.8136
130.0000, -240.0000, -1.1614, -2.9127
140.0000, -240.0000, -1.1414, -3.0119
150.0000, -240.0000, -1.1814, -3.1811
160.0000, -240.0000, -1.1614, -3.3202
170.0000, -240.0000, -1.1714, -3.4694
180.0000, -240.0000, -1.2014, -3.6085
190.0000, -240.0000, -1.2114, -3.7277
200.0000, -240.0000, -1.2114, -3.8669
210.0000, -240.0000, -1.2214, -4.0760
220.0000, -240.0000, -1.2214, -4.2452
230.0000, -240.0000, -1.2514, -4.3344
240.0000, -240.0000, -1.2714, -4.3735
250.0000, -240.0000, -1.2914, -4.4227
-250.0000, -230.0000, -0.9412, 1.7148
-240.0000, -230.0000, -0.9212, 1.5841
-230.0000, -230.0000, -0.9312, 1.4534
-220.0000, -230.0000, -0.9312, 1.2627
-210.0000, -230.0000, -1.0012, 1.1219
-200.0000, -230.0000, -1.0012, 1.0412
-190.0000, -230.0000, -0.9812, 0.9505
-180.0000, -230.0000, -0.9912, 0.7998
-170.0000, -230.0000, -0.9412, 0.6191
-160.0000, -230.0000, -0.9412, 0.4983
-150.0000, -230.0000, -0.9812, 0.3276
-140.0000, -230.0000, -1.0012, 0.1669
-130.0000, -230.0000, -1.0212, 0.0562
-120.0000, -230.0000, -1.0312, -0.1046
-110.0000, -230.0000, -0.9812, -0.1453
-100.0000, -230.0000, -0.9918, -0.3740
-90.0000, -230.0000, -1.0418, -0.4640
-80.0000, -230.0000, -1.0118, -0.5789
-70.0000, -230.0000, -0.9568, -0.6888
-60.0000, -230.0000, -1.0218, -0.8438
-50.0000, -230.0000, -1.0868, -0.9637
-40.0000, -230.0000, -1.0468, -1.0687
-30.0000, -230.0000, -1.0418, -1.1536
-20.0000, -230.0000, -1.0418, -1.2585
-10.0000, -230.0000, -1.0368, -1.3735
0.0000, -230.0000, -1.0218, -1.4834
10.0000, -230.0000, -1.0768, -1.5784
20.0000, -230.0000, -1.1018, -1.6883
30.0000, -230.0000, -1.1168, -1.7933
40.0000, -230.0000, -1.0668, -1.8882
50.0000, -230.0000, -1.1518, -1.9931
60.0000, -230.0000, -1.0618, -2.1031
70.0000, -230.0000, -1.0118, -2.2330
80.0000, -230.0000, -1.0868, -2.3580
90.0000, -230.0000, -1.1418, -2.4679
100.0000, -230.0000, -1.2018, -2.6179
110.0000, -230.0000, -1.1523, -2.7944
120.0000, -230.0000, -1.0823, -2.9236
130.0000, -230.0000, -1.0823, -3.0827
140.0000, -230.0000, -1.0623, -3.1519
150.0000, -230.0000, -1.1023, -3.2911
160.0000, -230.0000, -1.1023, -3.4302
170.0000, -230.0000, -1.1423, -3.5794
180.0000, -230.0000, -1.1923, -3.7285
190.0000, -230.0000, -1.2123, -3.8677
200.0000, -230.0000, -1.2523, -3.9869
210.0000, -230.0000, -1.2923, -4.1960
220.0000, -230.0000, -1.2823, -4.3752
230.0000, -230.0000, -1.2823, -4.4344
240.0000, -230.0000, -1.3323, -4.4535
250.0000, -230.0000, -1.4523, -4.5027
-250.0000, -220.0000, -0.8205, 1.8048
-240.0000, -220.0000, -0.8205, 1.7241
-230.0000, -220.0000, -0.8605, 1.5634
-220.0000, -220.0000, -0.8705, 1.4227
-210.0000, -220.0000, -0.9005, 1.2619
-200.0000, -220.0000, -0.9005, 1.1212
-190.0000, -220.0000, -0.8805, 0.9605
-180.0000, -220.0000, -0.9405, 0.8298
-170.0000, -220.0000, -0.9105, 0.6691
-160.0000, -220.0000, -0.8705, 0.5483
-150.0000, -220.0000, -0.9005, 0.4276
-140.0000, -220.0000, -0.9405, 0.2869
-130.0000, -220.0000, -0.9805, 0.1562
-120.0000, -220.0000, -1.0205, 0.0054
-110.0000, -220.0000, -0.9805, -0.1353
-100.0000, -220.0000, -0.9668, -0.2740
-90.0000, -220.0000, -1.0068, -0.3690
-80.0000, -220.0000, -0.9918, -0.5539
-70.0000, -220.0000, -0.9668, -0.6688
-60.0000, -220.0000, -1.0418, -0.7838
-50.0000, -220.0000, -1.0918, -0.8837
-40.0000, -220.0000, -1.0468, -1.0237
-30.0000, -220.0000, -1.0418, -1.1436
-20.0000, -220.0000, -1.0368, -1.2185
-10.0000, -220.0000, -1.0268, -1.3085
0.0000, -220.0000, -1.0168, -1.4134
10.0000, -220.0000, -1.0768, -1.5334
20.0000, -220.0000, -1.1118, -1.6333
30.0000, -220.0000, -1.1468, -1.7533
40.0000, -220.0000, -1.1068, -1.8532
50.0000, -220.0000, -1.1968, -1.9381
60.0000, -220.0000, -1.1218, -2.0331
70.0000, -220.0000, -1.1118, -2.1530
80.0000, -220.0000, -1.1718, -2.2930
90.0000, -220.0000, -1.2118, -2.4129
100.0000, -220.0000, -1.2918, -2.5179
110.0000, -220.0000, -1.2931, -2.7444
120.0000, -220.0000, -1.2731, -2.8636
130.0000, -220.0000, -1.2631, -2.9727
140.0000, -220.0000, -1.2531, -3.1719
150.0000, -220.0000, -1.2831, -3.2911
160.0000, -220.0000, -1.2731, -3.4202
170.0000, -220.0000, -1.2831, -3.5594
180.0000, -220.0000, -1.3131, -3.6885
190.0000, -220.0000, -1.3431, -3.8477
200.0000, -220.0000, -1.3731, -3.9769
210.0000, -220.0000, -1.3831, -4.1060
220.0000, -220.0000, -1.3931, -4.2452
230.0000, -220.0000, -1.4231, -4.2944
240.0000, -220.0000, -1.4331, -4.3535
250.0000, -220.0000, -1.5231, -4.4227
-250.0000, -210.0000, -0.9698, 1.8348
-240.0000, -210.0000, -0.9598, 1.6641
-230.0000, -210.0000, -0.9698, 1.5534
-220.0000, -210.0000, -0.9698, 1.3627
-210.0000, -210.0000, -0.9598, 1.2119
-200.0000, -210.0000, -0.9298, 1.0912
-190.0000, -210.0000, -0.9298, 1.0005
-180.0000, -210.0000, -0.9998, 0.8898
-170.0000, -210.0000, -0.9598, 0.6991
-160.0000, -210.0000, -0.9198, 0.5783
-150.0000, -210.0000, -0.9598, 0.4076
-140.0000, -210.0000, -0.9798, 0.2669
-130.0000, -210.0000, -1.0198, 0.1562
-120.0000, -210.0000, -1.0098, 0.0354
-110.0000, -210.0000, -0.9898, -0.1153
-100.0000, -210.0000, -0.9369, -0.3090
-90.0000, -210.0000, -0.9869, -0.4190
-80.0000, -210.0000, -0.9869, -0.5289
-70.0000, -210.0000, -0.9819, -0.6488
-60.0000, -210.0000, -1.0519, -0.7388
-50.0000, -210.0000, -1.0919, -0.8737
-40.0000, -210.0000, -1.0519, -1.0137
-30.0000, -210.0000, -1.0819, -1.1236
-20.0000, -210.0000, -1.0969, -1.2135
-10.0000, -210.0000, -1.0869, -1.3285
0.0000, -210.0000, -1.0669, -1.4384
10.0000, -210.0000, -1.1019, -1.5384
20.0000, -210.0000, -1.1519, -1.6483
30.0000, -210.0000, -1.1919, -1.7883
40.0000, -210.0000, -1.1469, -1.8782
50.0000, -210.0000, -1.2269, -1.9881
60.0000, -210.0000, -1.1269, -2.0931
70.0000, -210.0000, -1.0969, -2.2180
80.0000, -210.0000, -1.1719, -2.3380
90.0000, -210.0000, -1.2069, -2.4329
100.0000, -210.0000, -1.2869, -2.5729
110.0000, -210.0000, -1.2640, -2.7644
120.0000, -210.0000, -1.2340, -2.8236
130.0000, -210.0000, -1.2440, -2.9427
140.0000, -210.0000, -1.2240, -3.1019
150.0000, -210.0000, -1.2340, -3.2411
160.0000, -210.0000, -1.2340, -3.3502
170.0000, -210.0000, -1.2540, -3.4994
180.0000, -210.0000, -1.3040, -3.6685
190.0000, -210.0000, -1.3240, -3.7977
200.0000, -210.0000, -1.3540, -3.9269
210.0000, -210.0000, -1.3640, -4.0860
220.0000, -210.0000, -1.3940, -4.2452
230.0000, -210.0000, -1.4140, -4.2944
240.0000, -210.0000, -1.4340, -4.3435
250.0000, -210.0000, -1.5040, -4.3827
-250.0000, -200.0000, -0.8791, 1.8748
-240.0000, -200.0000, -0.8891, 1.7041
-230.0000, -200.0000, -0.8691, 1.5134
-220.0000, -200.0000, -0.9091, 1.3627
-210.0000, -200.0000, -0.9391, 1.2019
-200.0000, -200.0000, -0.9291, 1.0512
-190.0000, -200.0000, -0.8891, 0.9205
-180.0000, -200.0000, -0.9491, 0.8498
-170.0000, -200.0000, -0.8991, 0.6991
-160.0000, -200.0000, -0.8591, 0.5283
-150.0000, -200.0000, -0.8991, 0.3576
-140.0000, -200.0000, -0.9291, 0.1769
-130.0000, -200.0000, -0.9491, 0.0662
-120.0000, -200.0000, -0.9491, -0.0646
-110.0000, -200.0000, -0.9291, -0.1753
-100.0000, -200.0000, -1.0019, -0.3590
-90.0000, -200.0000, -1.0319, -0.4390
-80.0000, -200.0000, -1.0569, -0.5639
-70.0000, -200.0000, -1.0269, -0.6388
-60.0000, -200.0000, -1.0869, -0.7388
-50.0000, -200.0000, -1.1519, -0.8887
-40.0000, -200.0000, -1.1169, -0.9987
-30.0000, -200.0000, -1.1119, -1.1336
-20.0000, -200.0000, -1.0869, -1.2335
-10.0000, -200.0000, -1.0919, -1.3485
0.0000, -200.0000, -1.0919, -1.4634
10.0000, -200.0000, -1.1119, -1.5534
20.0000, -200.0000, -1.1419, -1.6383
30.0000, -200.0000, -1.1519, -1.7733
40.0000, -200.0000, -1.1369, -1.9032
50.0000, -200.0000, -1.2019, -2.0181
60.0000, -200.0000, -1.1019, -2.1331
70.0000, -200.0000, -1.0569, -2.2830
80.0000, -200.0000, -1.1419, -2.3780
90.0000, -200.0000, -1.1969, -2.4979
100.0000, -200.0000, -1.2819, -2.6829
110.0000, -200.0000, -1.2748, -2.7544
120.0000, -200.0000, -1.1648, -2.9036
130.0000, -200.0000, -1.2448, -3.0127
140.0000, -200.0000, -1.2248, -3.1219
150.0000, -200.0000, -1.2548, -3.2911
160.0000, -200.0000, -1.2248, -3.4302
170.0000, -200.0000, -1.2448, -3.5794
180.0000, -200.0000, -1.2648, -3.7485
190.0000, -200.0000, -1.2948, -3.8877
200.0000, -200.0000, -1.3148, -4.0569
210.0000, -200.0000, -1.3248, -4.2760
220.0000, -200.0000, -1.3348, -4.4552
230.0000, -200.0000, -1.3748, -4.5444
240.0000, -200.0000, -1.4048, -4.5835
250.0000, -200.0000, -1.5148, -4.6027
-250.0000, -190.0000, -0.8383, 1.8848
-240.0000, -190.0000, -0.8883, 1.6941
-230.0000, -190.0000, -0.8583, 1.5234
-220.0000, -190.0000, -0.8783, 1.3527
-210.0000, -190.0000, -0.9083, 1.2419
-200.0000, -190.0000, -0.9183, 1.1512
-190.0000, -190.0000, -0.8883, 0.9705
-180.0000, -190.0000, -0.9383, 0.7898
-170.0000, -190.0000, -0.9083, 0.6491
-160.0000, -190.0000, -0.8383, 0.5583
-150.0000, -190.0000, -0.8783, 0.4176
-140.0000, -190.0000, -0.8883, 0.2769
-130.0000, -190.0000, -0.9283, 0.1562
-120.0000, -190.0000, -0.9583, 0.0254
-110.0000, -190.0000, -0.9283, -0.0453
-100.0000, -190.0000, -0.9320, -0.3040
-90.0000, -190.0000, -1.0170, -0.4040
-80.0000, -190.0000, -1.0220, -0.5139
-70.0000, -190.0000, -0.9820, -0.6338
-60.0000, -190.0000, -1.0420, -0.7188
-50.0000, -190.0000, -1.1020, -0.8487
-40.0000, -190.0000, -1.0770, -0.9287
-30.0000, -190.0000, -1.1170, -1.0786
-20.0000, -190.0000, -1.0820, -1.1985
-10.0000, -190.0000, -1.0720, -1.3685
0.0000, -190.0000, -1.0520, -1.5034
10.0000, -190.0000, -1.0820, -1.6084
20.0000, -190.0000, -1.1170, -1.7233
30.0000, -190.0000, -1.1220, -1.8533
40.0000, -190.0000, -1.0970, -1.9632
50.0000, -190.0000, -1.1820, -2.0531
60.0000, -190.0000, -1.0720, -2.2031
70.0000, -190.0000, -1.0120, -2.3330
80.0000, -190.0000, -1.0920, -2.4730
90.0000, -190.0000, -1.1520, -2.5879
100.0000, -190.0000, -1.2170, -2.6679
110.0000, -190.0000, -1.1356, -2.8644
120.0000, -190.0000, -1.0856, -2.9636
130.0000, -190.0000, -1.1156, -3.1127
140.0000, -190.0000, -1.1456, -3.2219
150.0000, -190.0000, -1.1756, -3.3611
160.0000, -190.0000, -1.1556, -3.5002
170.0000, -190.0000, -1.2056, -3.6394
180.0000, -190.0000, -1.2656, -3.7785
190.0000, -190.0000, -1.2756, -3.9177
200.0000, -190.0000, -1.3156, -4.0569
210.0000, -190.0000, -1.3256, -4.2460
220.0000, -190.0000, -1.3356, -4.4152
230.0000, -190.0000, -1.3856, -4.4844
240.0000, -190.0000, -1.4456, -4.5135
250.0000, -190.0000, -1.5256, -4.5727
-250.0000, -180.0000, -0.8276, 1.8648
-240.0000, -180.0000, -0.8376, 1.7141
-230.0000, -180.0000, -0.8276, 1.5334
-220.0000, -180.0000, -0.8376, 1.3527
-210.0000, -180.0000, -0.8676, 1.2219
-200.0000, -180.0000, -0.8776, 1.1012
-190.0000, -180.0000, -0.8476, 1.0105
-180.0000, -180.0000, -0.9176, 0.8798
-170.0000, -180.0000, -0.8776, 0.6991
-160.0000, -180.0000, -0.8476, 0.5283
-150.0000, -180.0000, -0.8676, 0.3776
-140.0000, -180.0000, -0.8776, 0.1969
-130.0000, -180.0000, -0.9176, 0.0462
-120.0000, -180.0000, -0.9576, -0.0446
-110.0000, -180.0000, -0.9276, -0.1353
-100.0000, -180.0000, -0.9170, -0.3340
-90.0000, -180.0000, -0.9770, -0.4390
-80.0000, -180.0000, -0.9620, -0.5289
-70.0000, -180.0000, -0.9270, -0.6088
-60.0000, -180.0000, -0.9720, -0.7288
-50.0000, -180.0000, -1.0420, -0.8737
-40.0000, -180.0000, -1.0320, -0.9937
-30.0000, -180.0000, -1.0570, -1.0986
-20.0000, -180.0000, -1.0570, -1.1935
-10.0000, -180.0000, -1.0520, -1.3235
0.0000, -180.0000, -1.0620, -1.4284
10.0000, -180.0000, -1.1120, -1.4884
20.0000, -180.0000, -1.1270, -1.5933
30.0000, -180.0000, -1.1770, -1.6833
40.0000, -180.0000, -1.1370, -1.7932
50.0000, -180.0000, -1.2220, -1.8831
60.0000, -180.0000, -1.1120, -2.0531
70.0000, -180.0000, -1.0620, -2.2180
80.0000, -180.0000, -1.1370, -2.3680
90.0000, -180.0000, -1.1920, -2.5029
100.0000, -180.0000, -1.2570, -2.6129
110.0000, -180.0000, -1.2665, -2.8344
120.0000, -180.0000, -1.2065, -2.9436
130.0000, -180.0000, -1.1865, -3.0727
140.0000, -180.0000, -1.1965, -3.2319
150.0000, -180.0000, -1.2165, -3.3311
160.0000, -180.0000, -1.1465, -3.4602
170.0000, -180.0000, -1.1165, -3.5894
180.0000, -180.0000, -1.1865, -3.7485
190.0000, -180.0000, -1.1665, -3.8677
200.0000, -180.0000, -1.2565, -4.0069
210.0000, -180.0000, -1.2965, -4.1960
220.0000, -180.0000, -1.3165, -4.3752
230.0000, -180.0000, -1.4565, -4.4544
240.0000, -180.0000, -1.4765, -4.4935
250.0000, -180.0000, -1.5665, -4.5227
-250.0000, -170.0000, -0.7969, 1.9448
-240.0000, -170.0000, -0.8069, 1.7341
-230.0000, -170.0000, -0.8169, 1.5734
-220.0000, -170.0000, -0.8269, 1.4827
-210.0000, -170.0000, -0.8369, 1.3319
-200.0000, -170.0000, -0.8469, 1.1312
-190.0000, -170.0000, -0.8169, 1.0005
-180.0000, -170.0000, -0.8869, 0.8698
-170.0000, -170.0000, -0.8669, 0.7291
-160.0000, -170.0000, -0.8069, 0.5883
-150.0000, -170.0000, -0.7869, 0.4376
-140.0000, -170.0000, -0.8169, 0.2669
-130.0000, -170.0000, -0.8669, 0.1162
-120.0000, -170.0000, -0.9069, 0.0054
-110.0000, -170.0000, -0.8969, -0.1253
-100.0000, -170.0000, -0.9271, -0.3240
-90.0000, -170.0000, -0.9971, -0.3940
-80.0000, -170.0000, -0.9821, -0.5089
-70.0000, -170.0000, -0.9221, -0.6288
-60.0000, -170.0000, -0.9671, -0.7188
-50.0000, -170.0000, -1.0521, -0.8387
-40.0000, -170.0000, -1.0321, -0.9737
-30.0000, -170.0000, -1.0521, -1.0836
-20.0000, -170.0000, -1.0271, -1.1985
-10.0000, -170.0000, -1.0121, -1.3085
0.0000, -170.0000, -1.0371, -1.4134
10.0000, -170.0000, -1.0821, -1.4884
20.0000, -170.0000, -1.0871, -1.6033
30.0000, -170.0000, -1.1071, -1.7083
40.0000, -170.0000, -1.0571, -1.8532
50.0000, -170.0000, -1.1471, -1.9631
60.0000, -170.0000, -1.0371, -2.0581
70.0000, -170.0000, -1.0021, -2.1230
80.0000, -170.0000, -1.0921, -2.2330
90.0000, -170.0000, -1.1271, -2.3029
100.0000, -170.0000, -1.1921, -2.4429
110.0000, -170.0000, -1.1073, -2.6944
120.0000, -170.0000, -1.0573, -2.8136
130.0000, -170.0000, -1.1473, -2.9627
140.0000, -170.0000, -1.1573, -3.0919
150.0000, -170.0000, -1.2373, -3.3011
160.0000, -170.0000, -1.1973, -3.4502
170.0000, -170.0000, -1.1673, -3.5894
180.0000, -170.0000, -1.1973, -3.7185
190.0000, -170.0000, -1.2273, -3.8377
200.0000, -170.0000, -1.2473, -3.9569
210.0000, -170.0000, -1.2673, -4.1260
220.0000, -170.0000, -1.2873, -4.2952
230.0000, -170.0000, -1.3373, -4.3744
240.0000, -170.0000, -1.4173, -4.4335
250.0000, -170.0000, -1.5373, -4.4827
-250.0000, -160.0000, -0.6962, 1.9348
-240.0000, -160.0000, -0.6962, 1.7741
-230.0000, -160.0000, -0.7362, 1.6134
-220.0000, -160.0000, -0.7562, 1.4327
-210.0000, -160.0000, -0.7762, 1.2819
-200.0000, -160.0000, -0.7762, 1.2012
-190.0000, -160.0000, -0.7462, 1.0905
-180.0000, -160.0000, -0.8362, 0.9598
-170.0000, -160.0000, -0.7862, 0.8091
-160.0000, -160.0000, -0.7262, 0.6583
-150.0000, -160.0000, -0.7762, 0.4876
-140.0000, -160.0000, -0.8062, 0.3069
-130.0000, -160.0000, -0.8762, 0.1862
-120.0000, -160.0000, -0.9262, 0.0654
-110.0000, -160.0000, -0.9162, -0.0353
-100.0000, -160.0000, -0.9272, -0.2490
-90.0000, -160.0000, -0.9922, -0.3490
-80.0000, -160.0000, -0.9772, -0.4689
-70.0000, -160.0000, -0.9172, -0.5888
-60.0000, -160.0000, -0.9822, -0.6838
-50.0000, -160.0000, -1.0322, -0.7987
-40.0000, -160.0000, -0.9922, -0.9237
-30.0000, -160.0000, -1.0072, -0.9986
-20.0000, -160.0000, -0.9572, -1.1085
-10.0000, -160.0000, -0.9572, -1.2185
0.0000, -160.0000, -0.9872, -1.3434
10.0000, -160.0000, -1.0572, -1.4784
20.0000, -160.0000, -1.0822, -1.5983
30.0000, -160.0000, -1.1022, -1.6983
40.0000, -160.0000, -1.0372, -1.8182
50.0000, -160.0000, -1.1172, -1.9281
60.0000, -160.0000, -1.0322, -2.0481
70.0000, -160.0000, -1.0022, -2.1380
80.0000, -160.0000, -1.0922, -2.2130
90.0000, -160.0000, -1.1472, -2.3879
100.0000, -160.0000, -1.2272, -2.4979
110.0000, -160.0000, -1.2282, -2.6544
120.0000, -160.0000, -1.1782, -2.8036
130.0000, -160.0000, -1.1882, -2.9827
140.0000, -160.0000, -1.1682, -3.0819
150.0000, -160.0000, -1.1982, -3.1911
160.0000, -160.0000, -1.1882, -3.3202
170.0000, -160.0000, -1.1682, -3.4794
180.0000, -160.0000, -1.1982, -3.6385
190.0000, -160.0000, -1.2182, -3.7677
200.0000, -160.0000, -1.2882, -3.9169
210.0000, -160.0000, -1.3282, -4.1060
220.0000, -160.0000, -1.3582, -4.2552
230.0000, -160.0000, -1.3782, -4.3244
240.0000, -160.0000, -1.4182, -4.3535
250.0000, -160.0000, -1.5382, -4.4227
-250.0000, -150.0000, -0.7254, 1.9148
-240.0000, -150.0000, -0.7154, 1.7541
-230.0000, -150.0000, -0.7354, 1.5934
-220.0000, -150.0000, -0.7754, 1.4127
-210.0000, -150.0000, -0.7754, 1.2619
-200.0000, -150.0000, -0.7554, 1.1012
-190.0000, -150.0000, -0.7054, 0.9505
-180.0000, -150.0000, -0.7954, 0.8098
-170.0000, -150.0000, -0.7854, 0.6591
-160.0000, -150.0000, -0.7254, 0.5083
-150.0000, -150.0000, -0.7354, 0.3576
-140.0000, -150.0000, -0.7554, 0.1869
-130.0000, -150.0000, -0.7954, 0.0462
-120.0000, -150.0000, -0.8454, -0.0646
-110.0000, -150.0000, -0.8454, -0.1353
-100.0000, -150.0000, -0.8922, -0.2990
-90.0000, -150.0000, -0.9222, -0.3790
-80.0000, -150.0000, -0.8972, -0.4789
-70.0000, -150.0000, -0.8572, -0.5888
-60.0000, -150.0000, -0.9472, -0.7188
-50.0000, -150.0000, -1.0222, -0.8587
-40.0000, -150.0000, -0.9672, -0.9737
-30.0000, -150.0000, -0.9972, -1.0886
-20.0000, -150.0000, -0.9822, -1.1635
-10.0000, -150.0000, -0.9822, -1.2535
0.0000, -150.0000, -0.9572, -1.3734
10.0000, -150.0000, -0.9972, -1.4534
20.0000, -150.0000, -1.0472, -1.5833
30.0000, -150.0000, -1.0822, -1.6783
40.0000, -150.0000, -1.0322, -1.7782
50.0000, -150.0000, -1.1322, -1.8981
60.0000, -150.0000, -1.0272, -2.0431
70.0000, -150.0000, -0.9972, -2.1880
80.0000, -150.0000, -1.0622, -2.3280
90.0000, -150.0000, -1.1072, -2.4529
100.0000, -150.0000, -1.1772, -2.5529
110.0000, -150.0000, -1.1390, -2.6744
120.0000, -150.0000, -1.1190, -2.8236
130.0000, -150.0000, -1.1390, -2.9527
140.0000, -150.0000, -1.1290, -3.1419
150.0000, -150.0000, -1.1890, -3.2711
160.0000, -150.0000, -1.1990, -3.4102
170.0000, -150.0000, -1.2390, -3.5394
180.0000, -150.0000, -1.2790, -3.6785
190.0000, -150.0000, -1.2890, -3.7977
200.0000, -150.0000, -1.2790, -3.9369
210.0000, -150.0000, -1.2890, -4.1360
220.0000, -150.0000, -1.3190, -4.3052
230.0000, -150.0000, -1.3190, -4.3744
240.0000, -150.0000, -1.3690, -4.4035
250.0000, -150.0000, -1.4890, -4.4627
-250.0000, -140.0000, -0.6947, 1.8448
-240.0000, -140.0000, -0.6847, 1.6941
-230.0000, -140.0000, -0.6747, 1.5434
-220.0000, -140.0000, -0.6847, 1.3427
-210.0000, -140.0000, -0.6847, 1.1919
-200.0000, -140.0000, -0.7247, 1.0712
-190.0000, -140.0000, -0.7347, 0.9805
-180.0000, -140.0000, -0.8047, 0.8598
-170.0000, -140.0000, -0.8047, 0.7491
-160.0000, -140.0000, -0.7547, 0.5883
-150.0000, -140.0000, -0.7747, 0.4276
-140.0000, -140.0000, -0.7947, 0.3269
-130.0000, -140.0000, -0.8347, 0.1162
-120.0000, -140.0000, -0.8647, -0.0346
-110.0000, -140.0000, -0.8247, -0.1253
-100.0000, -140.0000, -0.8423, -0.2590
-90.0000, -140.0000, -0.8973, -0.3490
-80.0000, -140.0000, -0.8673, -0.4439
-70.0000, -140.0000, -0.8423, -0.5188
-60.0000, -140.0000, -0.9173, -0.6838
-50.0000, -140.0000, -0.9973, -0.8187
-40.0000, -140.0000, -0.9323, -0.9437
-30.0000, -140.0000, -0.9473, -1.0536
-20.0000, -140.0000, -0.9173, -1.1735
-10.0000, -140.0000, -0.9273, -1.2835
0.0000, -140.0000, -0.9423, -1.3984
10.0000, -140.0000, -0.9873, -1.4684
20.0000, -140.0000, -1.0173, -1.5533
30.0000, -140.0000, -1.0523, -1.6483
40.0000, -140.0000, -1.0223, -1.7582
50.0000, -140.0000, -1.1223, -1.8681
60.0000, -140.0000, -1.0173, -2.0131
70.0000, -140.0000, -0.9623, -2.1430
80.0000, -140.0000, -1.0173, -2.2630
90.0000, -140.0000, -1.0773, -2.4129
100.0000, -140.0000, -1.1673, -2.5329
110.0000, -140.0000, -1.1798, -2.7544
120.0000, -140.0000, -1.1398, -2.8836
130.0000, -140.0000, -1.1598, -2.9727
140.0000, -140.0000, -1.1198, -3.1019
150.0000, -140.0000, -1.1298, -3.2911
160.0000, -140.0000, -1.0998, -3.4302
170.0000, -140.0000, -1.1098, -3.5594
180.0000, -140.0000, -1.1498, -3.7185
190.0000, -140.0000, -1.1698, -3.8377
200.0000, -140.0000, -1.2398, -3.9769
210.0000, -140.0000, -1.3098, -4.1760
220.0000, -140.0000, -1.3498, -4.3452
230.0000, -140.0000, -1.3798, -4.3944
240.0000, -140.0000, -1.4298, -4.4335
250.0000, -140.0000, -1.5398, -4.4827
-250.0000, -130.0000, -0.7040, 1.9748
-240.0000, -130.0000, -0.7340, 1.7541
-230.0000, -130.0000, -0.7840, 1.5934
-220.0000, -130.0000, -0.8040, 1.4027
-210.0000, -130.0000, -0.7540, 1.2219
-200.0000, -130.0000, -0.7540, 1.0812
-190.0000, -130.0000, -0.7540, 0.9605
-180.0000, -130.0000, -0.7940, 0.8398
-170.0000, -130.0000, -0.7740, 0.6691
-160.0000, -130.0000, -0.6940, 0.5083
-150.0000, -130.0000, -0.7140, 0.3576
-140.0000, -130.0000, -0.7340, 0.2069
-130.0000, -130.0000, -0.7840, 0.0562
-120.0000, -130.0000, -0.8540, -0.0446
-110.0000, -130.0000, -0.8240, -0.1253
-100.0000, -130.0000, -0.8973, -0.2240
-90.0000, -130.0000, -0.9573, -0.2840
-80.0000, -130.0000, -0.9373, -0.4289
-70.0000, -130.0000, -0.9173, -0.5738
-60.0000, -130.0000, -0.9723, -0.7038
-50.0000, -130.0000, -1.0423, -0.8287
-40.0000, -130.0000, -1.0073, -0.9587
-30.0000, -130.0000, -1.0623, -1.0836
-20.0000, -130.0000, -1.0523, -1.1785
-10.0000, -130.0000, -1.0523, -1.2635
0.0000, -130.0000, -1.0573, -1.3734
10.0000, -130.0000, -1.0923, -1.5134
20.0000, -130.0000, -1.1223, -1.6183
30.0000, -130.0000, -1.1723, -1.7183
40.0000, -130.0000, -1.1173, -1.8082
50.0000, -130.0000, -1.1923, -1.9331
60.0000, -130.0000, -1.0873, -2.0231
70.0000, -130.0000, -1.0473, -2.1880
80.0000, -130.0000, -1.1073, -2.3830
90.0000, -130.0000, -1.1773, -2.5129
100.0000, -130.0000, -1.2573, -2.6329
110.0000, -130.0000, -1.3307, -2.7344
120.0000, -130.0000, -1.2707, -2.8136
130.0000, -130.0000, -1.2807, -2.9627
140.0000, -130.0000, -1.2807, -3.1119
150.0000, -130.0000, -1.3107, -3.2211
160.0000, -130.0000, -1.2807, -3.4202
170.0000, -130.0000, -1.2807, -3.5994
180.0000, -130.0000, -1.3207, -3.7485
190.0000, -130.0000, -1.3407, -3.8777
200.0000, -130.0000, -1.3707, -4.0169
210.0000, -130.0000, -1.4007, -4.2160
220.0000, -130.0000, -1.4207, -4.3752
230.0000, -130.0000, -1.4507, -4.4444
240.0000, -130.0000, -1.5007, -4.4835
250.0000, -130.0000, -1.6207, -4.5327
-250.0000, -120.0000, -0.6133, 1.9748
-240.0000, -120.0000, -0.6933, 1.7741
-230.0000, -120.0000, -0.7133, 1.5934
-220.0000, -120.0000, -0.7233, 1.4527
-210.0000, -120.0000, -0.6933, 1.2619
-200.0000, -120.0000, -0.6933, 1.1212
-190.0000, -120.0000, -0.6933, 0.9905
-180.0000, -120.0000, -0.7233, 0.8598
-170.0000, -120.0000, -0.7033, 0.6891
-160.0000, -120.0000, -0.6633, 0.5483
-150.0000, -120.0000, -0.6933, 0.4276
-140.0000, -120.0000, -0.7233, 0.2569
-130.0000, -120.0000, -0.7733, 0.0662
-120.0000, -120.0000, -0.8333, -0.0646
-110.0000, -120.0000, -0.8133, -0.1753
-100.0000, -120.0000, -0.8324, -0.2840
-90.0000, -120.0000, -0.9224, -0.3440
-80.0000, -120.0000, -0.9224, -0.4539
-70.0000, -120.0000, -0.9124, -0.5888
-60.0000, -120.0000, -0.9624, -0.7138
-50.0000, -120.0000, -1.0574, -0.8287
-40.0000, -120.0000, -1.0224, -0.9587
-30.0000, -120.0000, -1.0824, -1.0736
-20.0000, -120.0000, -1.0824, -1.1935
-10.0000, -120.0000, -1.0474, -1.3035
0.0000, -120.0000, -1.0474, -1.3984
10.0000, -120.0000, -1.0724, -1.4984
20.0000, -120.0000, -1.1124, -1.5983
30.0000, -120.0000, -1.1474, -1.6983
40.0000, -120.0000, -1.0974, -1.7932
50.0000, -120.0000, -1.1724, -1.8931
60.0000, -120.0000, -1.0774, -2.0031
70.0000, -120.0000, -1.0474, -2.0830
80.0000, -120.0000, -1.1224, -2.2680
90.0000, -120.0000, -1.1724, -2.4179
100.0000, -120.0000, -1.2424, -2.5729
110.0000, -120.0000, -1.2815, -2.7644
120.0000, -120.0000, -1.2415, -2.8936
130.0000, -120.0000, -1.2615, -2.9927
140.0000, -120.0000, -1.2615, -3.1319
150.0000, -120.0000, -1.2715, -3.2811
160.0000, -120.0000, -1.2615, -3.4402
170.0000, -120.0000, -1.3015, -3.5694
180.0000, -120.0000, -1.3315, -3.6985
190.0000, -120.0000, -1.3415, -3.8277
200.0000, -120.0000, -1.3715, -3.9669
210.0000, -120.0000, -1.4115, -4.1660
220.0000, -120.0000, -1.4515, -4.3452
230.0000, -120.0000, -1.4915, -4.4144
240.0000, -120.0000, -1.5415, -4.4635
250.0000, -120.0000, -1.6515, -4.5227
-250.0000, -110.0000, -0.4426, 1.9448
-240.0000, -110.0000, -0.5326, 1.7741
-230.0000, -110.0000, -0.6126, 1.6234
-220.0000, -110.0000, -0.6826, 1.4327
-210.0000, -110.0000, -0.6626, 1.2419
-200.0000, -110.0000, -0.6526, 1.0812
-190.0000, -110.0000, -0.6126, 0.9505
-180.0000, -110.0000, -0.6426, 0.8298
-170.0000, -110.0000, -0.6426, 0.7091
-160.0000, -110.0000, -0.6126, 0.5883
-150.0000, -110.0000, -0.6326, 0.4376
-140.0000, -110.0000, -0.6426, 0.2669
-130.0000, -110.0000, -0.7126, 0.1062
-120.0000, -110.0000, -0.7826, -0.0046
-110.0000, -110.0000, -0.7426, -0.1253
-100.0000, -110.0000, -0.8774, -0.2240
-90.0000, -110.0000, -0.9624, -0.3190
-80.0000, -110.0000, -0.9674, -0.4639
-70.0000, -110.0000, -0.9474, -0.5588
-60.0000, -110.0000, -0.9924, -0.7138
-50.0000, -110.0000, -1.0474, -0.8487
-40.0000, -110.0000, -0.9724, -0.9537
-30.0000, -110.0000, -1.0324, -1.0336
-20.0000, -110.0000, -1.0774, -1.1385
-10.0000, -110.0000, -1.0574, -1.2585
0.0000, -110.0000, -1.0724, -1.3484
10.0000, -110.0000, -1.0774, -1.4384
20.0000, -110.0000, -1.1024, -1.5533
30.0000, -110.0000, -1.1324, -1.5933
40.0000, -110.0000, -1.0924, -1.7732
50.0000, -110.0000, -1.1874, -1.8831
60.0000, -110.0000, -1.0774, -2.0331
70.0000, -110.0000, -1.0374, -2.1930
80.0000, -110.0000, -1.0974, -2.3430
90.0000, -110.0000, -1.1624, -2.4829
100.0000, -110.0000, -1.2324, -2.5779
110.0000, -110.0000, -1.2823, -2.6944
120.0000, -110.0000, -1.2323, -2.8136
130.0000, -110.0000, -1.2623, -2.9127
140.0000, -110.0000, -1.2523, -3.0619
150.0000, -110.0000, -1.2423, -3.2211
160.0000, -110.0000, -1.2323, -3.3302
170.0000, -110.0000, -1.2623, -3.4794
180.0000, -110.0000, -1.2823, -3.6185
190.0000, -110.0000, -1.3223, -3.7477
200.0000, -110.0000, -1.3223, -3.8869
210.0000, -110.0000, -1.3923, -4.0660
220.0000, -110.0000, -1.4423, -4.2552
230.0000, -110.0000, -1.4323, -4.3444
240.0000, -110.0000, -1.4623, -4.4035
250.0000, -110.0000, -1.5623, -4.4627
-250.0000, -100.0000, -0.4911, 2.0530
-240.0000, -100.0000, -0.5261, 1.8900
-230.0000, -100.0000, -0.5411, 1.7171
-220.0000, -100.0000, -0.5361, 1.5242
-210.0000, -100.0000, -0.5511, 1.3562
-200.0000, -100.0000, -0.5861, 1.1933
-190.0000, -100.0000, -0.5911, 1.0703
-180.0000, -100.0000, -0.6311, 0.9324
-170.0000, -100.0000, -0.6511, 0.7695
-160.0000, -100.0000, -0.6111, 0.6165
-150.0000, -100.0000, -0.6461, 0.4886
-140.0000, -100.0000, -0.6811, 0.3256
-130.0000, -100.0000, -0.6961, 0.1577
-120.0000, -100.0000, -0.7511, 0.0148
-110.0000, -100.0000, -0.7311, -0.0832
-100.0000, -100.0000, -0.7995, -0.2261
-90.0000, -100.0000, -0.8670, -0.3265
-80.0000, -100.0000, -0.8745, -0.4394
-70.0000, -100.0000, -0.8470, -0.5823
-60.0000, -100.0000, -0.9145, -0.6927
-50.0000, -100.0000, -0.9995, -0.8356
-40.0000, -100.0000, -0.9620, -0.9510
-30.0000, -100.0000, -1.0120, -1.0563
-20.0000, -100.0000, -0.9695, -1.1792
-10.0000, -100.0000, -0.9520, -1.2746
0.0000, -100.0000, -0.9670, -1.3625
10.0000, -100.0000, -0.9945, -1.4804
20.0000, -100.0000, -1.0220, -1.5983
30.0000, -100.0000, -1.0495, -1.7087
40.0000, -100.0000, -0.9995, -1.8165
50.0000, -100.0000, -1.0820, -1.9369
60.0000, -100.0000, -0.9970, -2.0873
70.0000, -100.0000, -0.9520, -2.2277
80.0000, -100.0000, -1.0170, -2.3731
90.0000, -100.0000, -1.0745, -2.4910
100.0000, -100.0000, -1.1570, -2.5639
110.0000, -100.0000, -1.2180, -2.8706
120.0000, -100.0000, -1.1580, -2.9885
130.0000, -100.0000, -1.1930, -3.0863
140.0000, -100.0000, -1.1930, -3.2241
150.0000, -100.0000, -1.1780, -3.3870
160.0000, -100.0000, -1.1780, -3.5248
170.0000, -100.0000, -1.1880, -3.6376
180.0000, -100.0000, -1.2330, -3.7705
190.0000, -100.0000, -1.2530, -3.8933
200.0000, -100.0000, -1.2980, -4.0361
210.0000, -100.0000, -1.3030, -4.2240
220.0000, -100.0000, -1.3280, -4.3918
230.0000, -100.0000, -1.3830, -4.4646
240.0000, -100.0000, -1.4480, -4.5225
250.0000, -100.0000, -1.5630, -4.5753
-250.0000, -90.0000, -0.4131, 2.1730
-240.0000, -90.0000, -0.4631, 1.9650
-230.0000, -90.0000, -0.4831, 1.7671
-220.0000, -90.0000, -0.5031, 1.5742
-210.0000, -90.0000, -0.5381, 1.4112
-200.0000, -90.0000, -0.5731, 1.2633
-190.0000, -90.0000, -0.5781, 1.1203
-180.0000, -90.0000, -0.6331, 0.9624
-170.0000, -90.0000, -0.6431, 0.8345
-160.0000, -90.0000, -0.5781, 0.6815
-150.0000, -90.0000, -0.6031, 0.5586
-140.0000, -90.0000, -0.6231, 0.3956
-130.0000, -90.0000, -0.6381, 0.2027
-120.0000, -90.0000, -0.7231, 0.1148
-110.0000, -90.0000, -0.7081, 0.0218
-100.0000, -90.0000, -0.7691, -0.1661
-90.0000, -90.0000, -0.8541, -0.2565
-80.0000, -90.0000, -0.8316, -0.3519
-70.0000, -90.0000, -0.8066, -0.4923
-60.0000, -90.0000, -0.8541, -0.6402
-50.0000, -90.0000, -0.9416, -0.7706
-40.0000, -90.0000, -0.8966, -0.9085
-30.0000, -90.0000, -0.9191, -1.0238
-20.0000, -90.0000, -0.9041, -1.1217
-10.0000, -90.0000, -0.9041, -1.2321
0.0000, -90.0000, -0.9416, -1.3375
10.0000, -90.0000, -0.9866, -1.4479
20.0000, -90.0000, -1.0266, -1.5383
30.0000, -90.0000, -1.0491, -1.6487
40.0000, -90.0000, -0.9841, -1.7740
50.0000, -90.0000, -1.0566, -1.8769
60.0000, -90.0000, -0.9566, -2.0373
70.0000, -90.0000, -0.9266, -2.2202
80.0000, -90.0000, -0.9866, -2.4006
90.0000, -90.0000, -1.0441, -2.5260
100.0000, -90.0000, -1.1091, -2.6364
110.0000, -90.0000, -1.1351, -2.7856
120.0000, -90.0000, -1.1151, -2.9385
130.0000, -90.0000, -1.1401, -3.0713
140.0000, -90.0000, -1.1301, -3.2041
150.0000, -90.0000, -1.1701, -3.3320
160.0000, -90.0000, -1.1651, -3.4748
170.0000, -90.0000, -1.1351, -3.5876
180.0000, -90.0000, -1.1701, -3.7205
190.0000, -90.0000, -1.2251, -3.8433
200.0000, -90.0000, -1.2651, -3.9861
210.0000, -90.0000, -1.3051, -4.1840
220.0000, -90.0000, -1.3351, -4.3568
230.0000, -90.0000, -1.3651, -4.4296
240.0000, -90.0000, -1.4201, -4.4975
250.0000, -90.0000, -1.5501, -4.5603
-250.0000, -80.0000, -0.5202, 2.1130
-240.0000, -80.0000, -0.5402, 1.9000
-230.0000, -80.0000, -0.5302, 1.6871
-220.0000, -80.0000, -0.5402, 1.4892
-210.0000, -80.0000, -0.5752, 1.3562
-200.0000, -80.0000, -0.5852, 1.2333
-190.0000, -80.0000, -0.5752, 1.1103
-180.0000, -80.0000, -0.6102, 0.9324
-170.0000, -80.0000, -0.6052, 0.7645
-160.0000, -80.0000, -0.5702, 0.5915
-150.0000, -80.0000, -0.5902, 0.4436
-140.0000, -80.0000, -0.6302, 0.2706
-130.0000, -80.0000, -0.6652, 0.1327
-120.0000, -80.0000, -0.7002, 0.0448
-110.0000, -80.0000, -0.6702, -0.0682
-100.0000, -80.0000, -0.7513, -0.1611
-90.0000, -80.0000, -0.8463, -0.2240
-80.0000, -80.0000, -0.8113, -0.3619
-70.0000, -80.0000, -0.7788, -0.5048
-60.0000, -80.0000, -0.8313, -0.6102
-50.0000, -80.0000, -0.9263, -0.7206
-40.0000, -80.0000, -0.8838, -0.8460
-30.0000, -80.0000, -0.9288, -0.9763
-20.0000, -80.0000, -0.9063, -1.0967
-10.0000, -80.0000, -0.9138, -1.2096
0.0000, -80.0000, -0.9363, -1.3300
10.0000, -80.0000, -0.9713, -1.4429
20.0000, -80.0000, -1.0013, -1.5758
30.0000, -80.0000, -1.0263, -1.7037
40.0000, -80.0000, -0.9738, -1.8390
50.0000, -80.0000, -1.0638, -1.9444
60.0000, -80.0000, -0.9613, -2.0523
70.0000, -80.0000, -0.9038, -2.1852
80.0000, -80.0000, -0.9688, -2.3406
90.0000, -80.0000, -1.0288, -2.4685
100.0000, -80.0000, -1.1063, -2.6189
110.0000, -80.0000, -1.1723, -2.8256
120.0000, -80.0000, -1.1323, -2.9635
130.0000, -80.0000, -1.1223, -3.0713
140.0000, -80.0000, -1.0323, -3.2241
150.0000, -80.0000, -1.0523, -3.3620
160.0000, -80.0000, -1.0273, -3.5098
170.0000, -80.0000, -1.0173, -3.6276
180.0000, -80.0000, -1.0523, -3.7455
190.0000, -80.0000, -1.0773, -3.8583
200.0000, -80.0000, -1.0973, -3.9911
210.0000, -80.0000, -1.1573, -4.1840
220.0000, -80.0000, -1.1923, -4.3618
230.0000, -80.0000, -1.2573, -4.4546
240.0000, -80.0000, -1.2923, -4.5075
250.0000, -80.0000, -1.4223, -4.5503
-250.0000, -70.0000, -0.3573, 2.0480
-240.0000, -70.0000, -0.4223, 1.9350
-230.0000, -70.0000, -0.4423, 1.7871
-220.0000, -70.0000, -0.4923, 1.5892
-210.0000, -70.0000, -0.5473, 1.4062
-200.0000, -70.0000, -0.5273, 1.2633
-190.0000, -70.0000, -0.5273, 1.1303
-180.0000, -70.0000, -0.5673, 1.0074
-170.0000, -70.0000, -0.5773, 0.8495
-160.0000, -70.0000, -0.5473, 0.6765
-150.0000, -70.0000, -0.5673, 0.5186
-140.0000, -70.0000, -0.5623, 0.3606
-130.0000, -70.0000, -0.5973, 0.2177
-120.0000, -70.0000, -0.6423, 0.1048
-110.0000, -70.0000, -0.6073, 0.0468
-100.0000, -70.0000, -0.6984, -0.1286
-90.0000, -70.0000, -0.8034, -0.2215
-80.0000, -70.0000, -0.7984, -0.3144
-70.0000, -70.0000, -0.7734, -0.4798
-60.0000, -70.0000, -0.8284, -0.5977
-50.0000, -70.0000, -0.9134, -0.7431
-40.0000, -70.0000, -0.8709, -0.8760
-30.0000, -70.0000, -0.8984, -1.0163
-20.0000, -70.0000, -0.8834, -1.1292
-10.0000, -70.0000, -0.8759, -1.2521
0.0000, -70.0000, -0.9034, -1.3750
10.0000, -70.0000, -0.9384, -1.4479
20.0000, -70.0000, -0.9659, -1.5333
30.0000, -70.0000, -0.9709, -1.6387
40.0000, -70.0000, -0.9084, -1.7590
50.0000, -70.0000, -0.9959, -1.8869
60.0000, -70.0000, -0.9084, -2.0098
70.0000, -70.0000, -0.8634, -2.1502
80.0000, -70.0000, -0.9434, -2.3256
90.0000, -70.0000, -0.9884, -2.4360
100.0000, -70.0000, -1.0584, -2.5514
110.0000, -70.0000, -1.0995, -2.7906
120.0000, -70.0000, -1.0745, -2.9485
130.0000, -70.0000, -1.0845, -3.0513
140.0000, -70.0000, -1.0645, -3.2191
150.0000, -70.0000, -1.0845, -3.3220
160.0000, -70.0000, -1.0795, -3.4548
170.0000, -70.0000, -1.0945, -3.5776
180.0000, -70.0000, -1.1345, -3.7305
190.0000, -70.0000, -1.1545, -3.8483
200.0000, -70.0000, -1.2045, -3.9861
210.0000, -70.0000, -1.2495, -4.1690
220.0000, -70.0000, -1.2645, -4.3518
230.0000, -70.0000, -1.2995, -4.4396
240.0000, -70.0000, -1.3495, -4.4925
250.0000, -70.0000, -1.4495, -4.5453
-250.0000, -60.0000, -0.4443, 2.0830
-240.0000, -60.0000, -0.4943, 1.9200
-230.0000, -60.0000, -0.4993, 1.7221
-220.0000, -60.0000, -0.5143, 1.5342
-210.0000, -60.0000, -0.5393, 1.3912
-200.0000, -60.0000, -0.5543, 1.2383
-190.0000, -60.0000, -0.5543, 1.1153
-180.0000, -60.0000, -0.5893, 0.9624
-170.0000, -60.0000, -0.5993, 0.7945
-160.0000, -60.0000, -0.5743, 0.6415
-150.0000, -60.0000, -0.5943, 0.5036
-140.0000, -60.0000, -0.6293, 0.3506
-130.0000, -60.0000, -0.6493, 0.1927
-120.0000, -60.0000, -0.6793, 0.0748
-110.0000, -60.0000, -0.6693, -0.0332
-100.0000, -60.0000, -0.7155, -0.1536
-90.0000, -60.0000, -0.7930, -0.2165
-80.0000, -60.0000, -0.7855, -0.3294
-70.0000, -60.0000, -0.7430, -0.4723
-60.0000, -60.0000, -0.8005, -0.5677
-50.0000, -60.0000, -0.9055, -0.6781
-40.0000, -60.0000, -0.8630, -0.8060
-30.0000, -60.0000, -0.8805, -0.9388
-20.0000, -60.0000, -0.8905, -1.0792
-10.0000, -60.0000, -0.8580, -1.1921
0.0000, -60.0000, -0.8880, -1.2975
10.0000, -60.0000, -0.9230, -1.4279
20.0000, -60.0000, -0.9505, -1.5358
30.0000, -60.0000, -0.9705, -1.6587
40.0000, -60.0000, -0.9180, -1.7615
50.0000, -60.0000, -0.9880, -1.9019
60.0000, -60.0000, -0.8755, -2.0548
70.0000, -60.0000, -0.8205, -2.2202
80.0000, -60.0000, -0.8780, -2.3631
90.0000, -60.0000, -0.9205, -2.4735
100.0000, -60.0000, -0.9980, -2.5989
110.0000, -60.0000, -1.0366, -2.7506
120.0000, -60.0000, -1.0266, -2.8435
130.0000, -60.0000, -1.0566, -2.9663
140.0000, -60.0000, -1.0416, -3.1241
150.0000, -60.0000, -1.0866, -3.2620
160.0000, -60.0000, -1.0716, -3.4098
170.0000, -60.0000, -1.0516, -3.5526
180.0000, -60.0000, -1.0866, -3.7005
190.0000, -60.0000, -1.1466, -3.8183
200.0000, -60.0000, -1.1966, -3.9661
210.0000, -60.0000, -1.2116, -4.1640
220.0000, -60.0000, -1.2116, -4.3468
230.0000, -60.0000, -1.2566, -4.4346
240.0000, -60.0000, -1.3216, -4.4875
250.0000, -60.0000, -1.4416, -4.5353
-250.0000, -50.0000, -0.3964, 2.0980
-240.0000, -50.0000, -0.4414, 1.9200
-230.0000, -50.0000, -0.4414, 1.7221
-220.0000, -50.0000, -0.4564, 1.4842
-210.0000, -50.0000, -0.5064, 1.3462
-200.0000, -50.0000, -0.5264, 1.1883
-190.0000, -50.0000, -0.4964, 1.0303
-180.0000, -50.0000, -0.5514, 0.8824
-170.0000, -50.0000, -0.5314, 0.7345
-160.0000, -50.0000, -0.5064, 0.5965
-150.0000, -50.0000, -0.5314, 0.4436
-140.0000, -50.0000, -0.5564, 0.2956
-130.0000, -50.0000, -0.5764, 0.1827
-120.0000, -50.0000, -0.6164, 0.0448
-110.0000, -50.0000, -0.5714, -0.0382
-100.0000, -50.0000, -0.6001, -0.1611
-90.0000, -50.0000, -0.7026, -0.2315
-80.0000, -50.0000, -0.7101, -0.3419
-70.0000, -50.0000, -0.6501, -0.4998
-60.0000, -50.0000, -0.6976, -0.6177
-50.0000, -50.0000, -0.8076, -0.7556
-40.0000, -50.0000, -0.7576, -0.8710
-30.0000, -50.0000, -0.7801, -0.9913
-20.0000, -50.0000, -0.7826, -1.1092
-10.0000, -50.0000, -0.8001, -1.2346
0.0000, -50.0000, -0.8151, -1.3350
10.0000, -50.0000, -0.8426, -1.4579
20.0000, -50.0000, -0.8576, -1.5833
30.0000, -50.0000, -0.8701, -1.6837
40.0000, -50.0000, -0.8376, -1.8065
50.0000, -50.0000, -0.9126, -1.9144
60.0000, -50.0000, -0.8176, -2.0698
70.0000, -50.0000, -0.7951, -2.2102
80.0000, -50.0000, -0.8826, -2.3781
90.0000, -50.0000, -0.9401, -2.4785
100.0000, -50.0000, -1.0026, -2.6114
110.0000, -50.0000, -1.0088, -2.7856
120.0000, -50.0000, -1.0088, -2.8985
130.0000, -50.0000, -1.0538, -3.0163
140.0000, -50.0000, -1.0688, -3.0941
150.0000, -50.0000, -1.1088, -3.2570
160.0000, -50.0000, -1.0838, -3.4348
170.0000, -50.0000, -1.0988, -3.5876
180.0000, -50.0000, -1.1288, -3.7405
190.0000, -50.0000, -1.1788, -3.8683
200.0000, -50.0000, -1.2088, -4.0011
210.0000, -50.0000, -1.2238, -4.1890
220.0000, -50.0000, -1.2388, -4.3518
230.0000, -50.0000, -1.2738, -4.4346
240.0000, -50.0000, -1.3138, -4.4825
250.0000, -50.0000, -1.4338, -4.5303
-250.0000, -40.0000, -0.3234, 1.9980
-240.0000, -40.0000, -0.3434, 1.8300
-230.0000, -40.0000, -0.3684, 1.6671
-220.0000, -40.0000, -0.4084, 1.4642
-210.0000, -40.0000, -0.4584, 1.3112
-200.0000, -40.0000, -0.5034, 1.1483
-190.0000, -40.0000, -0.5184, 1.0203
-180.0000, -40.0000, -0.5534, 0.8674
-170.0000, -40.0000, -0.5234, 0.7295
-160.0000, -40.0000, -0.4734, 0.5865
-150.0000, -40.0000, -0.4734, 0.4486
-140.0000, -40.0000, -0.4984, 0.2856
-130.0000, -40.0000, -0.5584, 0.1727
-120.0000, -40.0000, -0.5834, 0.0798
-110.0000, -40.0000, -0.5734, 0.0018
-100.0000, -40.0000, -0.6222, -0.1611
-90.0000, -40.0000, -0.7022, -0.2315
-80.0000, -40.0000, -0.7247, -0.3319
-70.0000, -40.0000, -0.6722, -0.4673
-60.0000, -40.0000, -0.7147, -0.6152
-50.0000, -40.0000, -0.8097, -0.7381
-40.0000, -40.0000, -0.7672, -0.8860
-30.0000, -40.0000, -0.7922, -1.0213
-20.0000, -40.0000, -0.7647, -1.1267
-10.0000, -40.0000, -0.7772, -1.2546
0.0000, -40.0000, -0.8072, -1.3600
10.0000, -40.0000, -0.8322, -1.4454
20.0000, -40.0000, -0.8397, -1.5983
30.0000, -40.0000, -0.8747, -1.7162
40.0000, -40.0000, -0.8347, -1.8565
50.0000, -40.0000, -0.9072, -1.9744
60.0000, -40.0000, -0.8147, -2.1073
70.0000, -40.0000, -0.7772, -2.2227
80.0000, -40.0000, -0.8447, -2.3756
90.0000, -40.0000, -0.8897, -2.5310
100.0000, -40.0000, -0.9647, -2.6489
110.0000, -40.0000, -0.9910, -2.7806
120.0000, -40.0000, -0.9860, -2.8885
130.0000, -40.0000, -1.0310, -3.0063
140.0000, -40.0000, -1.0410, -3.1391
150.0000, -40.0000, -1.0760, -3.2920
160.0000, -40.0000, -1.0610, -3.4198
170.0000, -40.0000, -1.0660, -3.5426
180.0000, -40.0000, -1.0960, -3.6805
190.0000, -40.0000, -1.1610, -3.7933
200.0000, -40.0000, -1.2210, -3.9261
210.0000, -40.0000, -1.2610, -4.1040
220.0000, -40.0000, -1.2860, -4.2568
230.0000, -40.0000, -1.3410, -4.3296
240.0000, -40.0000, -1.3910, -4.3825
250.0000, -40.0000, -1.5010, -4.4453
-250.0000, -30.0000, -0.2805, 1.9780
-240.0000, -30.0000, -0.2805, 1.8050
-230.0000, -30.0000, -0.3505, 1.6021
-220.0000, -30.0000, -0.3855, 1.3892
-210.0000, -30.0000, -0.4305, 1.2312
-200.0000, -30.0000, -0.4405, 1.0783
-190.0000, -30.0000, -0.4155, 0.9253
-180.0000, -30.0000, -0.4705, 0.8074
-170.0000, -30.0000, -0.4555, 0.6545
-160.0000, -30.0000, -0.4105, 0.5315
-150.0000, -30.0000, -0.4055, 0.3836
-140.0000, -30.0000, -0.4355, 0.2456
-130.0000, -30.0000, -0.5105, 0.1327
-120.0000, -30.0000, -0.5655, 0.0098
-110.0000, -30.0000, -0.5555, -0.0782
-100.0000, -30.0000, -0.5943, -0.1886
-90.0000, -30.0000, -0.6643, -0.2615
-80.0000, -30.0000, -0.6793, -0.3919
-70.0000, -30.0000, -0.6293, -0.5148
-60.0000, -30.0000, -0.6918, -0.6327
-50.0000, -30.0000, -0.7543, -0.7706
-40.0000, -30.0000, -0.7093, -0.9135
-30.0000, -30.0000, -0.7393, -1.0363
-20.0000, -30.0000, -0.7293, -1.1442
-10.0000, -30.0000, -0.7568, -1.2571
0.0000, -30.0000, -0.7618, -1.3625
10.0000, -30.0000, -0.8018, -1.4504
20.0000, -30.0000, -0.8218, -1.5708
30.0000, -30.0000, -0.8043, -1.6962
40.0000, -30.0000, -0.7443, -1.8365
50.0000, -30.0000, -0.8343, -1.9694
60.0000, -30.0000, -0.7318, -2.0923
70.0000, -30.0000, -0.7143, -2.2577
80.0000, -30.0000, -0.7943, -2.4281
90.0000, -30.0000, -0.8543, -2.5485
100.0000, -30.0000, -0.9443, -2.6639
110.0000, -30.0000, -0.9831, -2.7756
120.0000, -30.0000, -0.9681, -2.8785
130.0000, -30.0000, -0.9881, -3.0563
140.0000, -30.0000, -0.9681, -3.1441
150.0000, -30.0000, -1.0181, -3.2770
160.0000, -30.0000, -1.0431, -3.4148
170.0000, -30.0000, -1.0131, -3.5426
180.0000, -30.0000, -1.0681, -3.6705
190.0000, -30.0000, -1.1231, -3.8083
200.0000, -30.0000, -1.1731, -3.9611
210.0000, -30.0000, -1.2181, -4.1340
220.0000, -30.0000, -1.2631, -4.3168
230.0000, -30.0000, -1.2931, -4.3996
240.0000, -30.0000, -1.3381, -4.4525
250.0000, -30.0000, -1.4431, -4.5003
-250.0000, -20.0000, -0.2626, 1.8880
-240.0000, -20.0000, -0.2976, 1.7350
-230.0000, -20.0000, -0.3126, 1.5521
-220.0000, -20.0000, -0.3676, 1.3642
-210.0000, -20.0000, -0.3776, 1.2162
-200.0000, -20.0000, -0.4376, 1.0733
-190.0000, -20.0000, -0.4376, 0.9303
-180.0000, -20.0000, -0.4676, 0.7824
-170.0000, -20.0000, -0.4526, 0.6345
-160.0000, -20.0000, -0.4326, 0.4965
-150.0000, -20.0000, -0.4426, 0.3536
-140.0000, -20.0000, -0.4726, 0.2106
-130.0000, -20.0000, -0.5226, 0.0677
-120.0000, -20.0000, -0.5726, -0.0452
-110.0000, -20.0000, -0.5476, -0.1382
-100.0000, -20.0000, -0.5789, -0.2361
-90.0000, -20.0000, -0.6489, -0.2915
-80.0000, -20.0000, -0.6664, -0.3844
-70.0000, -20.0000, -0.6189, -0.5348
-60.0000, -20.0000, -0.6739, -0.6777
-50.0000, -20.0000, -0.7489, -0.8131
-40.0000, -20.0000, -0.6964, -0.9385
-30.0000, -20.0000, -0.7389, -1.0613
-20.0000, -20.0000, -0.7339, -1.1692
-10.0000, -20.0000, -0.7514, -1.2796
0.0000, -20.0000, -0.7514, -1.3925
10.0000, -20.0000, -0.7764, -1.4929
20.0000, -20.0000, -0.8114, -1.6208
30.0000, -20.0000, -0.8264, -1.7462
40.0000, -20.0000, -0.7889, -1.8765
50.0000, -20.0000, -0.8664, -2.0044
60.0000, -20.0000, -0.7664, -2.1098
70.0000, -20.0000, -0.7089, -2.2177
80.0000, -20.0000, -0.7864, -2.3781
90.0000, -20.0000, -0.8564, -2.5360
100.0000, -20.0000, -0.9439, -2.6589
110.0000, -20.0000, -0.9553, -2.7656
120.0000, -20.0000, -0.9303, -2.9235
130.0000, -20.0000, -0.9603, -3.0163
140.0000, -20.0000, -0.9803, -3.1291
150.0000, -20.0000, -1.0253, -3.2770
160.0000, -20.0000, -1.0253, -3.4248
170.0000, -20.0000, -1.0453, -3.5476
180.0000, -20.0000, -1.1003, -3.6805
190.0000, -20.0000, -1.1553, -3.8133
200.0000, -20.0000, -1.2003, -3.9411
210.0000, -20.0000, -1.2053, -4.1240
220.0000, -20.0000, -1.2353, -4.2968
230.0000, -20.0000, -1.2853, -4.3696
240.0000, -20.0000, -1.3353, -4.4225
250.0000, -20.0000, -1.4353, -4.4903
-250.0000, -10.0000, -0.2346, 1.8530
-240.0000, -10.0000, -0.2346, 1.6950
-230.0000, -10.0000, -0.2546, 1.4971
-220.0000, -10.0000, -0.2996, 1.2892
-210.0000, -10.0000, -0.3346, 1.1462
-200.0000, -10.0000, -0.3696, 0.9933
-190.0000, -10.0000, -0.3196, 0.8553
-180.0000, -10.0000, -0.3896, 0.7374
-170.0000, -10.0000, -0.3996, 0.6045
-160.0000, -10.0000, -0.3596, 0.4815
-150.0000, -10.0000, -0.3846, 0.3286
-140.0000, -10.0000, -0.4096, 0.1606
-130.0000, -10.0000, -0.4996, 0.0077
-120.0000, -10.0000, -0.5496, -0.0952
-110.0000, -10.0000, -0.5346, -0.1482
-100.0000, -10.0000, -0.5435, -0.2261
-90.0000, -10.0000, -0.6085, -0.3215
-80.0000, -10.0000, -0.6410, -0.4294
-70.0000, -10.0000, -0.6010, -0.5398
-60.0000, -10.0000, -0.6560, -0.6527
-50.0000, -10.0000, -0.7035, -0.7931
-40.0000, -10.0000, -0.6585, -0.9285
-30.0000, -10.0000, -0.7010, -1.0688
-20.0000, -10.0000, -0.7060, -1.1967
-10.0000, -10.0000, -0.7285, -1.3121
0.0000, -10.0000, -0.7460, -1.4525
10.0000, -10.0000, -0.7710, -1.5504
20.0000, -10.0000, -0.7935, -1.6533
30.0000, -10.0000, -0.8160, -1.7587
40.0000, -10.0000, -0.7635, -1.8665
50.0000, -10.0000, -0.8410, -1.9894
60.0000, -10.0000, -0.7335, -2.1023
70.0000, -10.0000, -0.6985, -2.2402
80.0000, -10.0000, -0.7985, -2.4006
90.0000, -10.0000, -0.8635, -2.5285
100.0000, -10.0000, -0.9310, -2.6564
110.0000, -10.0000, -0.9725, -2.7806
120.0000, -10.0000, -0.9725, -2.8835
130.0000, -10.0000, -0.9875, -2.9763
140.0000, -10.0000, -0.9775, -3.1091
150.0000, -10.0000, -1.0125, -3.2770
160.0000, -10.0000, -1.0225, -3.4048
170.0000, -10.0000, -1.0425, -3.5176
180.0000, -10.0000, -1.0725, -3.6555
190.0000, -10.0000, -1.0975, -3.7833
200.0000, -10.0000, -1.1475, -3.9211
210.0000, -10.0000, -1.2125, -4.1090
220.0000, -10.0000, -1.2375, -4.2668
230.0000, -10.0000, -1.2825, -4.3496
240.0000, -10.0000, -1.3125, -4.3925
250.0000, -10.0000, -1.4425, -4.4453
-250.0000, 0.0000, -0.1217, 1.7430
-240.0000, 0.0000, -0.1967, 1.5700
-230.0000, 0.0000, -0.2367, 1.3921
-220.0000, 0.0000, -0.2917, 1.1942
-210.0000, 0.0000, -0.3267, 1.0512
-200.0000, 0.0000, -0.3267, 0.9283
-190.0000, 0.0000, -0.3117, 0.8003
-180.0000, 0.0000, -0.3617, 0.6524
-170.0000, 0.0000, -0.3567, 0.5295
-160.0000, 0.0000, -0.3217, 0.4015
-150.0000, 0.0000, -0.3517, 0.2886
-140.0000, 0.0000, -0.3767, 0.1456
-130.0000, 0.0000, -0.4617, 0.0227
-120.0000, 0.0000, -0.5267, -0.1002
-110.0000, 0.0000, -0.5167, -0.1932
-100.0000, 0.0000, -0.5207, -0.2361
-90.0000, 0.0000, -0.5782, -0.3215
-80.0000, 0.0000, -0.5932, -0.4194
-70.0000, 0.0000, -0.5657, -0.5498
-60.0000, 0.0000, -0.6357, -0.6952
-50.0000, 0.0000, -0.7032, -0.8156
-40.0000, 0.0000, -0.6557, -0.9510
-30.0000, 0.0000, -0.6957, -1.0588
-20.0000, 0.0000, -0.6957, -1.1742
-10.0000, 0.0000, -0.6907, -1.2896
0.0000, 0.0000, -0.6907, -1.4000
10.0000, 0.0000, -0.7157, -1.4679
20.0000, 0.0000, -0.7607, -1.5958
30.0000, 0.0000, -0.7832, -1.7412
40.0000, 0.0000, -0.7357, -1.8465
50.0000, 0.0000, -0.8282, -1.9544
60.0000, 0.0000, -0.7207, -2.0948
70.0000, 0.0000, -0.6857, -2.2327
80.0000, 0.0000, -0.7507, -2.3681
90.0000, 0.0000, -0.8132, -2.4735
100.0000, 0.0000, -0.8782, -2.5864
110.0000, 0.0000, -0.9296, -2.7006
120.0000, 0.0000, -0.9296, -2.8285
130.0000, 0.0000, -0.9696, -2.9863
140.0000, 0.0000, -0.9646, -3.1041
150.0000, 0.0000, -0.9996, -3.2370
160.0000, 0.0000, -1.0096, -3.3748
170.0000, 0.0000, -1.0346, -3.5126
180.0000, 0.0000, -1.1046, -3.6505
190.0000, 0.0000, -1.1396, -3.7733
200.0000, 0.0000, -1.1896, -3.9061
210.0000, 0.0000, -1.2046, -4.0940
220.0000, 0.0000, -1.2346, -4.2468
230.0000, 0.0000, -1.2696, -4.3196
240.0000, 0.0000, -1.3046, -4.3625
250.0000, 0.0000, -1.3996, -4.4103
-250.0000, 10.0000, -0.1537, 1.6930
-240.0000, 10.0000, -0.1787, 1.5250
-230.0000, 10.0000, -0.1937, 1.3571
-220.0000, 10.0000, -0.2287, 1.1792
-210.0000, 10.0000, -0.2737, 1.0412
-200.0000, 10.0000, -0.3137, 0.8933
-190.0000, 10.0000, -0.3087, 0.7753
-180.0000, 10.0000, -0.3737, 0.6474
-170.0000, 10.0000, -0.3787, 0.5095
-160.0000, 10.0000, -0.3387, 0.3665
-150.0000, 10.0000, -0.3737, 0.2336
-140.0000, 10.0000, -0.3887, 0.0956
-130.0000, 10.0000, -0.4337, -0.0123
-120.0000, 10.0000, -0.4787, -0.1102
-110.0000, 10.0000, -0.4687, -0.1882
-100.0000, 10.0000, -0.4653, -0.2811
-90.0000, 10.0000, -0.5103, -0.4065
-80.0000, 10.0000, -0.5253, -0.4569
-70.0000, 10.0000, -0.5128, -0.5973
-60.0000, 10.0000, -0.5828, -0.7127
-50.0000, 10.0000, -0.6428, -0.8456
-40.0000, 10.0000, -0.6028, -0.9860
-30.0000, 10.0000, -0.6428, -1.0913
-20.0000, 10.0000, -0.6528, -1.2167
-10.0000, 10.0000, -0.6528, -1.3296
0.0000, 10.0000, -0.6478, -1.4225
10.0000, 10.0000, -0.6828, -1.5354
20.0000, 10.0000, -0.7053, -1.6433
30.0000, 10.0000, -0.7203, -1.7487
40.0000, 10.0000, -0.6878, -1.8665
50.0000, 10.0000, -0.7878, -1.9919
60.0000, 10.0000, -0.6828, -2.0973
70.0000, 10.0000, -0.6403, -2.2352
80.0000, 10.0000, -0.7178, -2.4081
90.0000, 10.0000, -0.7753, -2.5460
100.0000, 10.0000, -0.8553, -2.6464
110.0000, 10.0000, -0.9068, -2.7006
120.0000, 10.0000, -0.8968, -2.8235
130.0000, 10.0000, -0.9418, -2.9513
140.0000, 10.0000, -0.9218, -3.0591
150.0000, 10.0000, -0.9568, -3.1970
160.0000, 10.0000, -0.9568, -3.3448
170.0000, 10.0000, -0.9968, -3.4526
180.0000, 10.0000, -1.0618, -3.5755
190.0000, 10.0000, -1.1018, -3.6783
200.0000, 10.0000, -1.1418, -3.8161
210.0000, 10.0000, -1.1618, -3.9890
220.0000, 10.0000, -1.1818, -4.1568
230.0000, 10.0000, -1.2118, -4.2246
240.0000, 10.0000, -1.2518, -4.2675
250.0000, 10.0000, -1.3418, -4.3303
-250.0000, 20.0000, -0.0958, 1.6430
-240.0000, 20.0000, -0.1358, 1.4650
-230.0000, 20.0000, -0.1508, 1.2971
-220.0000, 20.0000, -0.2008, 1.1092
-210.0000, 20.0000, -0.2508, 0.9812
-200.0000, 20.0000, -0.2758, 0.8733
-190.0000, 20.0000, -0.2508, 0.7403
-180.0000, 20.0000, -0.3058, 0.6224
-170.0000, 20.0000, -0.3208, 0.4895
-160.0000, 20.0000, -0.2858, 0.3715
-150.0000, 20.0000, -0.3008, 0.2486
-140.0000, 20.0000, -0.3358, 0.0756
-130.0000, 20.0000, -0.3758, -0.0023
-120.0000, 20.0000, -0.4108, -0.1002
-110.0000, 20.0000, -0.4008, -0.1882
-100.0000, 20.0000, -0.4424, -0.2836
-90.0000, 20.0000, -0.4949, -0.3640
-80.0000, 20.0000, -0.5149, -0.4819
-70.0000, 20.0000, -0.4724, -0.5648
-60.0000, 20.0000, -0.5349, -0.6627
-50.0000, 20.0000, -0.6199, -0.7731
-40.0000, 20.0000, -0.5774, -0.9160
-30.0000, 20.0000, -0.6324, -1.0388
-20.0000, 20.0000, -0.6299, -1.1717
-10.0000, 20.0000, -0.6149, -1.2721
0.0000, 20.0000, -0.6024, -1.3750
10.0000, 20.0000, -0.6424, -1.4904
20.0000, 20.0000, -0.6599, -1.5883
30.0000, 20.0000, -0.6724, -1.6862
40.0000, 20.0000, -0.6549, -1.7890
50.0000, 20.0000, -0.7599, -1.9069
60.0000, 20.0000, -0.6599, -2.0223
70.0000, 20.0000, -0.6099, -2.1727
80.0000, 20.0000, -0.6949, -2.2806
90.0000, 20.0000, -0.7599, -2.4085
100.0000, 20.0000, -0.8424, -2.5239
110.0000, 20.0000, -0.8890, -2.6106
120.0000, 20.0000, -0.8940, -2.7285
130.0000, 20.0000, -0.9340, -2.8213
140.0000, 20.0000, -0.9390, -2.9541
150.0000, 20.0000, -0.9690, -3.0820
160.0000, 20.0000, -0.9740, -3.2248
170.0000, 20.0000, -0.9940, -3.3376
180.0000, 20.0000, -1.0440, -3.4605
190.0000, 20.0000, -1.0690, -3.5933
200.0000, 20.0000, -1.1040, -3.7411
210.0000, 20.0000, -1.1190, -3.9140
220.0000, 20.0000, -1.1340, -4.0668
230.0000, 20.0000, -1.1740, -4.1346
240.0000, 20.0000, -1.2440, -4.1725
250.0000, 20.0000, -1.3390, -4.2153
-250.0000, 30.0000, -0.0729, 1.5180
-240.0000, 30.0000, -0.1529, 1.3700
-230.0000, 30.0000, -0.2029, 1.2021
-220.0000, 30.0000, -0.2229, 1.0142
-210.0000, 30.0000, -0.2229, 0.8662
-200.0000, 30.0000, -0.2229, 0.7283
-190.0000, 30.0000, -0.1979, 0.6353
-180.0000, 30.0000, -0.2779, 0.5174
-170.0000, 30.0000, -0.3229, 0.4095
-160.0000, 30.0000, -0.3079, 0.2865
-150.0000, 30.0000, -0.3279, 0.1686
-140.0000, 30.0000, -0.3379, 0.0356
-130.0000, 30.0000, -0.3579, -0.0623
-120.0000, 30.0000, -0.4079, -0.1452
-110.0000, 30.0000, -0.3879, -0.2532
-100.0000, 30.0000, -0.4020, -0.3261
-90.0000, 30.0000, -0.4720, -0.3915
-80.0000, 30.0000, -0.4920, -0.4844
-70.0000, 30.0000, -0.4670, -0.5923
-60.0000, 30.0000, -0.5170, -0.7227
-50.0000, 30.0000, -0.6070, -0.8181
-40.0000, 30.0000, -0.5695, -0.9210
-30.0000, 30.0000, -0.6245, -1.0388
-20.0000, 30.0000, -0.6245, -1.1242
-10.0000, 30.0000, -0.6145, -1.2121
0.0000, 30.0000, -0.6345, -1.3175
10.0000, 30.0000, -0.6570, -1.4029
20.0000, 30.0000, -0.6920, -1.5258
30.0000, 30.0000, -0.7245, -1.6587
40.0000, 30.0000, -0.7045, -1.7790
50.0000, 30.0000, -0.7870, -1.9119
60.0000, 30.0000, -0.6795, -2.0148
70.0000, 30.0000, -0.6495, -2.1452
80.0000, 30.0000, -0.7345, -2.2781
90.0000, 30.0000, -0.7945, -2.3810
100.0000, 30.0000, -0.8445, -2.5114
110.0000, 30.0000, -0.9061, -2.5606
120.0000, 30.0000, -0.8911, -2.6835
130.0000, 30.0000, -0.9311, -2.7863
140.0000, 30.0000, -0.9411, -2.8991
150.0000, 30.0000, -0.9811, -3.0370
160.0000, 30.0000, -0.9911, -3.1948
170.0000, 30.0000, -0.9861, -3.3026
180.0000, 30.0000, -1.0211, -3.4205
190.0000, 30.0000, -1.0661, -3.5183
200.0000, 30.0000, -1.1111, -3.6561
210.0000, 30.0000, -1.1361, -3.8290
220.0000, 30.0000, -1.1611, -3.9718
230.0000, 30.0000, -1.2061, -4.0346
240.0000, 30.0000, -1.2411, -4.0775
250.0000, 30.0000, -1.3661, -4.1153
-250.0000, 40.0000, -0.1399, 1.4180
-240.0000, 40.0000, -0.1699, 1.2700
-230.0000, 40.0000, -0.1849, 1.1071
-220.0000, 40.0000, -0.2249, 0.9192
-210.0000, 40.0000, -0.2299, 0.8012
-200.0000, 40.0000, -0.2749, 0.6783
-190.0000, 40.0000, -0.2649, 0.5903
-180.0000, 40.0000, -0.3149, 0.4674
-170.0000, 40.0000, -0.2999, 0.3295
-160.0000, 40.0000, -0.2549, 0.1765
-150.0000, 40.0000, -0.2899, 0.0586
-140.0000, 40.0000, -0.2899, -0.0644
-130.0000, 40.0000, -0.3099, -0.1773
-120.0000, 40.0000, -0.3699, -0.2652
-110.0000, 40.0000, -0.3599, -0.3082
-100.0000, 40.0000, -0.3891, -0.3536
-90.0000, 40.0000, -0.4616, -0.4315
-80.0000, 40.0000, -0.4991, -0.5219
-70.0000, 40.0000, -0.4816, -0.6598
-60.0000, 40.0000, -0.5316, -0.7427
-50.0000, 40.0000, -0.6141, -0.8731
-40.0000, 40.0000, -0.5791, -0.9960
-30.0000, 40.0000, -0.6216, -1.1063
-20.0000, 40.0000, -0.6016, -1.1567
-10.0000, 40.0000, -0.6016, -1.2446
0.0000, 40.0000, -0.6241, -1.3300
10.0000, 40.0000, -0.6616, -1.4279
20.0000, 40.0000, -0.6591, -1.5383
30.0000, 40.0000, -0.6516, -1.6412
40.0000, 40.0000, -0.6066, -1.7490
50.0000, 40.0000, -0.7216, -1.8569
60.0000, 40.0000, -0.6241, -1.9798
70.0000, 40.0000, -0.6016, -2.1077
80.0000, 40.0000, -0.6766, -2.2831
90.0000, 40.0000, -0.7341, -2.4110
100.0000, 40.0000, -0.8041, -2.4889
110.0000, 40.0000, -0.8683, -2.5456
120.0000, 40.0000, -0.8533, -2.6385
130.0000, 40.0000, -0.8933, -2.7563
140.0000, 40.0000, -0.8783, -2.8641
150.0000, 40.0000, -0.9283, -2.9820
160.0000, 40.0000, -0.9633, -3.1248
170.0000, 40.0000, -0.9433, -3.2326
180.0000, 40.0000, -0.9783, -3.3505
190.0000, 40.0000, -0.9983, -3.4533
200.0000, 40.0000, -1.0833, -3.5761
210.0000, 40.0000, -1.1083, -3.7540
220.0000, 40.0000, -1.1183, -3.9118
230.0000, 40.0000, -1.1583, -3.9546
240.0000, 40.0000, -1.2133, -3.9825
250.0000, 40.0000, -1.3233, -4.0253
-250.0000, 50.0000, -0.0820, 1.2780
-240.0000, 50.0000, -0.0920, 1.1200
-230.0000, 50.0000, -0.1120, 0.9771
-220.0000, 50.0000, -0.1770, 0.7892
-210.0000, 50.0000, -0.2120, 0.6562
-200.0000, 50.0000, -0.2370, 0.5333
-190.0000, 50.0000, -0.2220, 0.4303
-180.0000, 50.0000, -0.2520, 0.3374
-170.0000, 50.0000, -0.2670, 0.2295
-160.0000, 50.0000, -0.2270, 0.1015
-150.0000, 50.0000, -0.2470, 0.0086
-140.0000, 50.0000, -0.2820, -0.1094
-130.0000, 50.0000, -0.3370, -0.2323
-120.0000, 50.0000, -0.4020, -0.3402
-110.0000, 50.0000, -0.3820, -0.4282
-100.0000, 50.0000, -0.3987, -0.4886
-90.0000, 50.0000, -0.4637, -0.5565
-80.0000, 50.0000, -0.4662, -0.6444
-70.0000, 50.0000, -0.4462, -0.6973
-60.0000, 50.0000, -0.5037, -0.8152
-50.0000, 50.0000, -0.5712, -0.9131
-40.0000, 50.0000, -0.5262, -1.0210
-30.0000, 50.0000, -0.5712, -1.1188
-20.0000, 50.0000, -0.5812, -1.2392
-10.0000, 50.0000, -0.5812, -1.3246
0.0000, 50.0000, -0.5937, -1.4075
10.0000, 50.0000, -0.6362, -1.4904
20.0000, 50.0000, -0.6337, -1.5983
30.0000, 50.0000, -0.6612, -1.7312
40.0000, 50.0000, -0.6237, -1.8190
50.0000, 50.0000, -0.7262, -1.8894
60.0000, 50.0000, -0.6262, -1.9748
70.0000, 50.0000, -0.5937, -2.1052
80.0000, 50.0000, -0.6787, -2.2456
90.0000, 50.0000, -0.7437, -2.3460
100.0000, 50.0000, -0.8087, -2.4614
110.0000, 50.0000, -0.8255, -2.5206
120.0000, 50.0000, -0.7855, -2.6185
130.0000, 50.0000, -0.8105, -2.7263
140.0000, 50.0000, -0.8455, -2.8141
150.0000, 50.0000, -0.8855, -2.9270
160.0000, 50.0000, -0.9205, -3.0398
170.0000, 50.0000, -0.9405, -3.1426
180.0000, 50.0000, -0.9705, -3.2605
190.0000, 50.0000, -0.9955, -3.3583
200.0000, 50.0000, -1.0605, -3.4661
210.0000, 50.0000, -1.0805, -3.6390
220.0000, 50.0000, -1.0955, -3.7968
230.0000, 50.0000, -1.1405, -3.8346
240.0000, 50.0000, -1.2055, -3.8425
250.0000, 50.0000, -1.3255, -3.8853
-250.0000, 60.0000, -0.0290, 1.0630
-240.0000, 60.0000, -0.0590, 0.9400
-230.0000, 60.0000, -0.1240, 0.7971
-220.0000, 60.0000, -0.1640, 0.6392
-210.0000, 60.0000, -0.1790, 0.5112
-200.0000, 60.0000, -0.2290, 0.3733
-190.0000, 60.0000, -0.2090, 0.2803
-180.0000, 60.0000, -0.2690, 0.1624
-170.0000, 60.0000, -0.2590, 0.0695
-160.0000, 60.0000, -0.2090, -0.0285
-150.0000, 60.0000, -0.2240, -0.1064
-140.0000, 60.0000, -0.2490, -0.2194
-130.0000, 60.0000, -0.3040, -0.3173
-120.0000, 60.0000, -0.3540, -0.4352
-110.0000, 60.0000, -0.3490, -0.5032
-100.0000, 60.0000, -0.3983, -0.5486
-90.0000, 60.0000, -0.4658, -0.6090
-80.0000, 60.0000, -0.4883, -0.7119
-70.0000, 60.0000, -0.4558, -0.7923
-60.0000, 60.0000, -0.5133, -0.9002
-50.0000, 60.0000, -0.6008, -1.0156
-40.0000, 60.0000, -0.5683, -1.0935
-30.0000, 60.0000, -0.6183, -1.1888
-20.0000, 60.0000, -0.5933, -1.2792
-10.0000, 60.0000, -0.5808, -1.3871
0.0000, 60.0000, -0.5983, -1.4450
10.0000, 60.0000, -0.6433, -1.5279
20.0000, 60.0000, -0.6608, -1.6283
30.0000, 60.0000, -0.6833, -1.7262
40.0000, 60.0000, -0.6558, -1.8190
50.0000, 60.0000, -0.7433, -1.8994
60.0000, 60.0000, -0.6258, -2.0198
70.0000, 60.0000, -0.5983, -2.1652
80.0000, 60.0000, -0.6908, -2.3031
90.0000, 60.0000, -0.7508, -2.3760
100.0000, 60.0000, -0.8158, -2.4414
110.0000, 60.0000, -0.8326, -2.5506
120.0000, 60.0000, -0.8276, -2.6485
130.0000, 60.0000, -0.8476, -2.7513
140.0000, 60.0000, -0.8526, -2.8141
150.0000, 60.0000, -0.8976, -2.9370
160.0000, 60.0000, -0.9226, -3.0398
170.0000, 60.0000, -0.9076, -3.1426
180.0000, 60.0000, -0.9576, -3.2455
190.0000, 60.0000, -0.9876, -3.3333
200.0000, 60.0000, -1.0576, -3.4561
210.0000, 60.0000, -1.0926, -3.5990
220.0000, 60.0000, -1.1326, -3.7418
230.0000, 60.0000, -1.1576, -3.7846
240.0000, 60.0000, -1.2176, -3.7925
250.0000, 60.0000, -1.3376, -3.8253
-250.0000, 70.0000, -0.0011, 0.8980
-240.0000, 70.0000, -0.0761, 0.7850
-230.0000, 70.0000, -0.1411, 0.6371
-220.0000, 70.0000, -0.1811, 0.4842
-210.0000, 70.0000, -0.1861, 0.3712
-200.0000, 70.0000, -0.2261, 0.2633
-190.0000, 70.0000, -0.2261, 0.1603
-180.0000, 70.0000, -0.3061, 0.0724
-170.0000, 70.0000, -0.3211, -0.0105
-160.0000, 70.0000, -0.2711, -0.1135
-150.0000, 70.0000, -0.2811, -0.2114
-140.0000, 70.0000, -0.3011, -0.3094
-130.0000, 70.0000, -0.3311, -0.3823
-120.0000, 70.0000, -0.4111, -0.4952
-110.0000, 70.0000, -0.4011, -0.5232
-100.0000, 70.0000, -0.4230, -0.5411
-90.0000, 70.0000, -0.5030, -0.6565
-80.0000, 70.0000, -0.5055, -0.7519
-70.0000, 70.0000, -0.4705, -0.8723
-60.0000, 70.0000, -0.5430, -0.9577
-50.0000, 70.0000, -0.6130, -1.0331
-40.0000, 70.0000, -0.5705, -1.1610
-30.0000, 70.0000, -0.6155, -1.2688
-20.0000, 70.0000, -0.6155, -1.3367
-10.0000, 70.0000, -0.6005, -1.4346
0.0000, 70.0000, -0.6205, -1.5025
10.0000, 70.0000, -0.6480, -1.5779
20.0000, 70.0000, -0.6730, -1.6858
30.0000, 70.0000, -0.6980, -1.7362
40.0000, 70.0000, -0.6630, -1.7915
50.0000, 70.0000, -0.7580, -1.8594
60.0000, 70.0000, -0.6580, -1.9723
70.0000, 70.0000, -0.6255, -2.1077
80.0000, 70.0000, -0.6930, -2.2431
90.0000, 70.0000, -0.7505, -2.3260
100.0000, 70.0000, -0.8280, -2.4139
110.0000, 70.0000, -0.8998, -2.4506
120.0000, 70.0000, -0.8798, -2.5685
130.0000, 70.0000, -0.8698, -2.6463
140.0000, 70.0000, -0.8648, -2.7241
150.0000, 70.0000, -0.9098, -2.8070
160.0000, 70.0000, -0.9198, -2.9148
170.0000, 70.0000, -0.9548, -3.0126
180.0000, 70.0000, -1.0098, -3.1105
190.0000, 70.0000, -1.0448, -3.1983
200.0000, 70.0000, -1.0798, -3.3211
210.0000, 70.0000, -1.1048, -3.4790
220.0000, 70.0000, -1.1298, -3.6168
230.0000, 70.0000, -1.1848, -3.6646
240.0000, 70.0000, -1.2398, -3.6925
250.0000, 70.0000, -1.3498, -3.7203
-250.0000, 80.0000, -0.1132, 0.8380
-240.0000, 80.0000, -0.1332, 0.7150
-230.0000, 80.0000, -0.1332, 0.5471
-220.0000, 80.0000, -0.1532, 0.3742
-210.0000, 80.0000, -0.1682, 0.2612
-200.0000, 80.0000, -0.2282, 0.1633
-190.0000, 80.0000, -0.2332, 0.0903
-180.0000, 80.0000, -0.3082, 0.0124
-170.0000, 80.0000, -0.3132, -0.0655
-160.0000, 80.0000, -0.2482, -0.1635
-150.0000, 80.0000, -0.2832, -0.2514
-140.0000, 80.0000, -0.3132, -0.3644
-130.0000, 80.0000, -0.3632, -0.4773
-120.0000, 80.0000, -0.4432, -0.4952
-110.0000, 80.0000, -0.4182, -0.5482
-100.0000, 80.0000, -0.4601, -0.5686
-90.0000, 80.0000, -0.5401, -0.6540
-80.0000, 80.0000, -0.5451, -0.7394
-70.0000, 80.0000, -0.5151, -0.8048
-60.0000, 80.0000, -0.5801, -0.8902
-50.0000, 80.0000, -0.6651, -0.9931
-40.0000, 80.0000, -0.6276, -1.1010
-30.0000, 80.0000, -0.6751, -1.1813
-20.0000, 80.0000, -0.6626, -1.2867
-10.0000, 80.0000, -0.6526, -1.3621
0.0000, 80.0000, -0.6526, -1.4375
10.0000, 80.0000, -0.6776, -1.5254
20.0000, 80.0000, -0.6951, -1.6233
30.0000, 80.0000, -0.7176, -1.7187
40.0000, 80.0000, -0.6751, -1.7865
50.0000, 80.0000, -0.7676, -1.8669
60.0000, 80.0000, -0.6926, -1.9648
70.0000, 80.0000, -0.6651, -2.0827
80.0000, 80.0000, -0.7526, -2.1906
90.0000, 80.0000, -0.8076, -2.2360
100.0000, 80.0000, -0.8826, -2.3264
110.0000, 80.0000, -0.8970, -2.4006
120.0000, 80.0000, -0.8720, -2.4985
130.0000, 80.0000, -0.9070, -2.5663
140.0000, 80.0000, -0.9070, -2.6241
150.0000, 80.0000, -0.9370, -2.7470
160.0000, 80.0000, -0.9670, -2.8548
170.0000, 80.0000, -1.0320, -2.9426
180.0000, 80.0000, -1.0820, -3.0405
190.0000, 80.0000, -1.1320, -3.1183
200.0000, 80.0000, -1.1520, -3.2111
210.0000, 80.0000, -1.1820, -3.3390
220.0000, 80.0000, -1.2120, -3.4518
230.0000, 80.0000, -1.2670, -3.5046
240.0000, 80.0000, -1.3120, -3.5425
250.0000, 80.0000, -1.4070, -3.5803
-250.0000, 90.0000, -0.1102, 0.6630
-240.0000, 90.0000, -0.1802, 0.5150
-230.0000, 90.0000, -0.2352, 0.3821
-220.0000, 90.0000, -0.2652, 0.2342
-210.0000, 90.0000, -0.2802, 0.1312
-200.0000, 90.0000, -0.3252, 0.0383
-190.0000, 90.0000, -0.3202, -0.0447
-180.0000, 90.0000, -0.3752, -0.1576
-170.0000, 90.0000, -0.3952, -0.2455
-160.0000, 90.0000, -0.3502, -0.3435
-150.0000, 90.0000, -0.3552, -0.4314
-140.0000, 90.0000, -0.3852, -0.5294
-130.0000, 90.0000, -0.4302, -0.5823
-120.0000, 90.0000, -0.4952, -0.6552
-110.0000, 90.0000, -0.4752, -0.6782
-100.0000, 90.0000, -0.4897, -0.6961
-90.0000, 90.0000, -0.5897, -0.7665
-80.0000, 90.0000, -0.5947, -0.8244
-70.0000, 90.0000, -0.5722, -0.9148
-60.0000, 90.0000, -0.6422, -1.0052
-50.0000, 90.0000, -0.7072, -1.0906
-40.0000, 90.0000, -0.6597, -1.1735
-30.0000, 90.0000, -0.7047, -1.2638
-20.0000, 90.0000, -0.6797, -1.3542
-10.0000, 90.0000, -0.6697, -1.4371
0.0000, 90.0000, -0.6697, -1.4925
10.0000, 90.0000, -0.7022, -1.5404
20.0000, 90.0000, -0.7272, -1.6258
30.0000, 90.0000, -0.7572, -1.6887
40.0000, 90.0000, -0.7222, -1.7590
50.0000, 90.0000, -0.8172, -1.8519
60.0000, 90.0000, -0.7247, -1.9423
70.0000, 90.0000, -0.7097, -2.0452
80.0000, 90.0000, -0.7822, -2.1481
90.0000, 90.0000, -0.8272, -2.2210
100.0000, 90.0000, -0.9097, -2.3214
110.0000, 90.0000, -0.9341, -2.3256
120.0000, 90.0000, -0.8991, -2.4785
130.0000, 90.0000, -0.8991, -2.5463
140.0000, 90.0000, -0.9041, -2.6191
150.0000, 90.0000, -0.9391, -2.7120
160.0000, 90.0000, -0.9591, -2.8198
170.0000, 90.0000, -0.9891, -2.9026
180.0000, 90.0000, -1.0391, -2.9955
190.0000, 90.0000, -1.0941, -3.0633
200.0000, 90.0000, -1.1441, -3.1611
210.0000, 90.0000, -1.1741, -3.3040
220.0000, 90.0000, -1.2041, -3.4218
230.0000, 90.0000, -1.2391, -3.4546
240.0000, 90.0000, -1.2941, -3.4575
250.0000, 90.0000, -1.3841, -3.4753
-250.0000, 100.0000, -0.2223, 0.5480
-240.0000, 100.0000, -0.2723, 0.4050
-230.0000, 100.0000, -0.3073, 0.2721
-220.0000, 100.0000, -0.3273, 0.1392
-210.0000, 100.0000, -0.3673, 0.0512
-200.0000, 100.0000, -0.3873, -0.0217
-190.0000, 100.0000, -0.3673, -0.0947
-180.0000, 100.0000, -0.4273, -0.1826
-170.0000, 100.0000, -0.4273, -0.2555
-160.0000, 100.0000, -0.3873, -0.3385
-150.0000, 100.0000, -0.4073, -0.4214
-140.0000, 100.0000, -0.4423, -0.5144
-130.0000, 100.0000, -0.4923, -0.5923
-120.0000, 100.0000, -0.5423, -0.6502
-110.0000, 100.0000, -0.5323, -0.7032
-100.0000, 100.0000, -0.5843, -0.7161
-90.0000, 100.0000, -0.6568, -0.7715
-80.0000, 100.0000, -0.6468, -0.8369
-70.0000, 100.0000, -0.6418, -0.9223
-60.0000, 100.0000, -0.7018, -0.9802
-50.0000, 100.0000, -0.7693, -1.0831
-40.0000, 100.0000, -0.7193, -1.1510
-30.0000, 100.0000, -0.7518, -1.2238
-20.0000, 100.0000, -0.7343, -1.2942
-10.0000, 100.0000, -0.7143, -1.3821
0.0000, 100.0000, -0.7218, -1.4725
10.0000, 100.0000, -0.7593, -1.5129
20.0000, 100.0000, -0.7968, -1.5608
30.0000, 100.0000, -0.8193, -1.6337
40.0000, 100.0000, -0.7668, -1.6690
50.0000, 100.0000, -0.8593, -1.7644
60.0000, 100.0000, -0.7718, -1.8648
70.0000, 100.0000, -0.7468, -1.9652
80.0000, 100.0000, -0.8168, -2.1006
90.0000, 100.0000, -0.8593, -2.1735
100.0000, 100.0000, -0.9393, -2.2464
110.0000, 100.0000, -0.9763, -2.2756
120.0000, 100.0000, -0.9613, -2.3435
130.0000, 100.0000, -0.9913, -2.4113
140.0000, 100.0000, -1.0163, -2.4941
150.0000, 100.0000, -1.0613, -2.6020
160.0000, 100.0000, -1.0713, -2.7148
170.0000, 100.0000, -1.0663, -2.8026
180.0000, 100.0000, -1.1113, -2.8955
190.0000, 100.0000, -1.1613, -2.9683
200.0000, 100.0000, -1.2013, -3.0611
210.0000, 100.0000, -1.2113, -3.1990
220.0000, 100.0000, -1.2263, -3.3168
230.0000, 100.0000, -1.2813, -3.3446
240.0000, 100.0000, -1.3313, -3.3575
250.0000, 100.0000, -1.4363, -3.3803
-250.0000, 110.0000, -0.1920, 0.3911
-240.0000, 110.0000, -0.2320, 0.3260
-230.0000, 110.0000, -0.2520, 0.2208
-220.0000, 110.0000, -0.3120, 0.0856
-210.0000, 110.0000, -0.3520, -0.0295
-200.0000, 110.0000, -0.3920, -0.1147
-190.0000, 110.0000, -0.3920, -0.1998
-180.0000, 110.0000, -0.4420, -0.2850
-170.0000, 110.0000, -0.3920, -0.3501
-160.0000, 110.0000, -0.3820, -0.4353
-150.0000, 110.0000, -0.4420, -0.4805
-140.0000, 110.0000, -0.4720, -0.5956
-130.0000, 110.0000, -0.5020, -0.6508
-120.0000, 110.0000, -0.5520, -0.7459
-110.0000, 110.0000, -0.5420, -0.8211
-100.0000, 110.0000, -0.5941, -0.8182
-90.0000, 110.0000, -0.6641, -0.8591
-80.0000, 110.0000, -0.6341, -0.8649
-70.0000, 110.0000, -0.6241, -0.9557
-60.0000, 110.0000, -0.6891, -1.0566
-50.0000, 110.0000, -0.7891, -1.1174
-40.0000, 110.0000, -0.7491, -1.2232
-30.0000, 110.0000, -0.7941, -1.3291
-20.0000, 110.0000, -0.7791, -1.4099
-10.0000, 110.0000, -0.7441, -1.4957
0.0000, 110.0000, -0.7391, -1.5916
10.0000, 110.0000, -0.7691, -1.6724
20.0000, 110.0000, -0.7941, -1.7082
30.0000, 110.0000, -0.8041, -1.7941
40.0000, 110.0000, -0.7591, -1.8349
50.0000, 110.0000, -0.8541, -1.8957
60.0000, 110.0000, -0.7591, -1.9716
70.0000, 110.0000, -0.7341, -2.0324
80.0000, 110.0000, -0.8091, -2.1682
90.0000, 110.0000, -0.8741, -2.2790
100.0000, 110.0000, -0.9691, -2.3399
110.0000, 110.0000, -0.9861, -2.3669
120.0000, 110.0000, -0.9361, -2.4334
130.0000, 110.0000, -0.9661, -2.4999
140.0000, 110.0000, -0.9561, -2.5664
150.0000, 110.0000, -1.0061, -2.6729
160.0000, 110.0000, -0.9761, -2.7494
170.0000, 110.0000, -0.9761, -2.8359
180.0000, 110.0000, -1.0361, -2.9124
190.0000, 110.0000, -1.0561, -2.9789
200.0000, 110.0000, -1.1261, -3.0554
210.0000, 110.0000, -1.1661, -3.1719
220.0000, 110.0000, -1.1761, -3.2884
230.0000, 110.0000, -1.2361, -3.3149
240.0000, 110.0000, -1.3461, -3.3214
250.0000, 110.0000, -1.4361, -3.3379
-250.0000, 120.0000, -0.2969, 0.2311
-240.0000, 120.0000, -0.3169, 0.1560
-230.0000, 120.0000, -0.2769, 0.0408
-220.0000, 120.0000, -0.3269, -0.1044
-210.0000, 120.0000, -0.4069, -0.2195
-200.0000, 120.0000, -0.4669, -0.2847
-190.0000, 120.0000, -0.4669, -0.3498
-180.0000, 120.0000, -0.5169, -0.4250
-170.0000, 120.0000, -0.4969, -0.5301
-160.0000, 120.0000, -0.4769, -0.6153
-150.0000, 120.0000, -0.5169, -0.7105
-140.0000, 120.0000, -0.5669, -0.7556
-130.0000, 120.0000, -0.5869, -0.8208
-120.0000, 120.0000, -0.6169, -0.8759
-110.0000, 120.0000, -0.5669, -0.8811
-100.0000, 120.0000, -0.6733, -0.8382
-90.0000, 120.0000, -0.7433, -0.8791
-80.0000, 120.0000, -0.7633, -0.9349
-70.0000, 120.0000, -0.7633, -1.0657
-60.0000, 120.0000, -0.8383, -1.1416
-50.0000, 120.0000, -0.9083, -1.2174
-40.0000, 120.0000, -0.8633, -1.2932
-30.0000, 120.0000, -0.8733, -1.3691
-20.0000, 120.0000, -0.8533, -1.4599
-10.0000, 120.0000, -0.8433, -1.5307
0.0000, 120.0000, -0.8433, -1.6016
10.0000, 120.0000, -0.8683, -1.6474
20.0000, 120.0000, -0.9083, -1.7132
30.0000, 120.0000, -0.9383, -1.7541
40.0000, 120.0000, -0.8883, -1.8299
50.0000, 120.0000, -0.9683, -1.8507
60.0000, 120.0000, -0.8783, -1.9166
70.0000, 120.0000, -0.8833, -2.0724
80.0000, 120.0000, -0.9433, -2.1632
90.0000, 120.0000, -0.9833, -2.2590
100.0000, 120.0000, -1.0283, -2.2899
110.0000, 120.0000, -1.0596, -2.3169
120.0000, 120.0000, -1.0196, -2.3934
130.0000, 120.0000, -1.0496, -2.4599
140.0000, 120.0000, -1.0196, -2.5364
150.0000, 120.0000, -1.1196, -2.6329
160.0000, 120.0000, -1.1496, -2.7394
170.0000, 120.0000, -1.1696, -2.8259
180.0000, 120.0000, -1.2396, -2.9124
190.0000, 120.0000, -1.2696, -2.9789
200.0000, 120.0000, -1.3096, -3.0454
210.0000, 120.0000, -1.3496, -3.1419
220.0000, 120.0000, -1.3896, -3.2284
230.0000, 120.0000, -1.4596, -3.2249
240.0000, 120.0000, -1.4996, -3.2014
250.0000, 120.0000, -1.5796, -3.2279
-250.0000, 130.0000, -0.3617, 0.1711
-240.0000, 130.0000, -0.3917, 0.0960
-230.0000, 130.0000, -0.4217, -0.0692
-220.0000, 130.0000, -0.4917, -0.1844
-210.0000, 130.0000, -0.5517, -0.2895
-200.0000, 130.0000, -0.5817, -0.3647
-190.0000, 130.0000, -0.5717, -0.4498
-180.0000, 130.0000, -0.6217, -0.5550
-170.0000, 130.0000, -0.6017, -0.6401
-160.0000, 130.0000, -0.5517, -0.7353
-150.0000, 130.0000, -0.5917, -0.8305
-140.0000, 130.0000, -0.6317, -0.9156
-130.0000, 130.0000, -0.6517, -0.9808
-120.0000, 130.0000, -0.6817, -1.0059
-110.0000, 130.0000, -0.6717, -1.0211
-100.0000, 130.0000, -0.7124, -0.9532
-90.0000, 130.0000, -0.7724, -0.9541
-80.0000, 130.0000, -0.7674, -1.0249
-70.0000, 130.0000, -0.7674, -1.0807
-60.0000, 130.0000, -0.8374, -1.2216
-50.0000, 130.0000, -0.8924, -1.3174
-40.0000, 130.0000, -0.8324, -1.3632
-30.0000, 130.0000, -0.8574, -1.4691
-20.0000, 130.0000, -0.8324, -1.5549
-10.0000, 130.0000, -0.8174, -1.6457
0.0000, 130.0000, -0.8274, -1.7066
10.0000, 130.0000, -0.8374, -1.7174
20.0000, 130.0000, -0.8674, -1.7932
30.0000, 130.0000, -0.8874, -1.8341
40.0000, 130.0000, -0.8524, -1.8749
50.0000, 130.0000, -0.9524, -2.0257
60.0000, 130.0000, -0.8524, -2.0716
70.0000, 130.0000, -0.8224, -2.1424
80.0000, 130.0000, -0.8974, -2.2282
90.0000, 130.0000, -0.9524, -2.2840
100.0000, 130.0000, -1.0074, -2.3249
110.0000, 130.0000, -0.9531, -2.3369
120.0000, 130.0000, -0.9431, -2.4134
130.0000, 130.0000, -0.9531, -2.4699
140.0000, 130.0000, -0.9831, -2.5264
150.0000, 130.0000, -1.0631, -2.6129
160.0000, 130.0000, -1.0931, -2.6994
170.0000, 130.0000, -1.1131, -2.7659
180.0000, 130.0000, -1.1431, -2.8424
190.0000, 130.0000, -1.1831, -2.9089
200.0000, 130.0000, -1.2431, -2.9854
210.0000, 130.0000, -1.2731, -3.1219
220.0000, 130.0000, -1.2831, -3.2284
230.0000, 130.0000, -1.3131, -3.2249
240.0000, 130.0000, -1.3931, -3.1914
250.0000, 130.0000, -1.5031, -3.1879
-250.0000, 140.0000, -0.3265, 0.0811
-240.0000, 140.0000, -0.3865, 0.0060
-230.0000, 140.0000, -0.4665, -0.0992
-220.0000, 140.0000, -0.5165, -0.2144
-210.0000, 140.0000, -0.5565, -0.3095
-200.0000, 140.0000, -0.5865, -0.3947
-190.0000, 140.0000, -0.5965, -0.5098
-180.0000, 140.0000, -0.6565, -0.5950
-170.0000, 140.0000, -0.6265, -0.6601
-160.0000, 140.0000, -0.6165, -0.7453
-150.0000, 140.0000, -0.6465, -0.8605
-140.0000, 140.0000, -0.6765, -0.9056
-130.0000, 140.0000, -0.7165, -0.9208
-120.0000, 140.0000, -0.7565, -1.0359
-110.0000, 140.0000, -0.7665, -1.0311
-100.0000, 140.0000, -0.7866, -0.9982
-90.0000, 140.0000, -0.8716, -1.0091
-80.0000, 140.0000, -0.9166, -1.0349
-70.0000, 140.0000, -0.9316, -1.1207
-60.0000, 140.0000, -0.9966, -1.2016
-50.0000, 140.0000, -1.0466, -1.2724
-40.0000, 140.0000, -0.9866, -1.3882
-30.0000, 140.0000, -1.0166, -1.5041
-20.0000, 140.0000, -0.9966, -1.5699
-10.0000, 140.0000, -0.9866, -1.6157
0.0000, 140.0000, -0.9766, -1.7166
10.0000, 140.0000, -1.0166, -1.7524
20.0000, 140.0000, -1.0466, -1.8182
30.0000, 140.0000, -1.0716, -1.8591
40.0000, 140.0000, -1.0466, -1.8699
50.0000, 140.0000, -1.1316, -1.8907
60.0000, 140.0000, -1.0366, -1.9816
70.0000, 140.0000, -0.9916, -2.0474
80.0000, 140.0000, -1.0616, -2.1432
90.0000, 140.0000, -1.1116, -2.1490
100.0000, 140.0000, -1.1566, -2.1999
110.0000, 140.0000, -1.1166, -2.2869
120.0000, 140.0000, -1.0766, -2.3734
130.0000, 140.0000, -1.0966, -2.3899
140.0000, 140.0000, -1.0966, -2.4264
150.0000, 140.0000, -1.0966, -2.5029
160.0000, 140.0000, -1.0866, -2.5894
170.0000, 140.0000, -1.0766, -2.6559
180.0000, 140.0000, -1.1666, -2.7324
190.0000, 140.0000, -1.2566, -2.7989
200.0000, 140.0000, -1.3266, -2.8854
210.0000, 140.0000, -1.3466, -3.0119
220.0000, 140.0000, -1.4066, -3.1084
230.0000, 140.0000, -1.4866, -3.1349
240.0000, 140.0000, -1.5766, -3.1114
250.0000, 140.0000, -1.6466, -3.1079
-250.0000, 150.0000, -0.4214, 0.0311
-240.0000, 150.0000, -0.4614, -0.0740
-230.0000, 150.0000, -0.4914, -0.2192
-220.0000, 150.0000, -0.5714, -0.3544
-210.0000, 150.0000, -0.6014, -0.4495
-200.0000, 150.0000, -0.6314, -0.5547
-190.0000, 150.0000, -0.6414, -0.6098
-180.0000, 150.0000, -0.7214, -0.6850
-170.0000, 150.0000, -0.7114, -0.7401
-160.0000, 150.0000, -0.6914, -0.8153
-150.0000, 150.0000, -0.7314, -0.9005
-140.0000, 150.0000, -0.7514, -0.9656
-130.0000, 150.0000, -0.7814, -0.9808
-120.0000, 150.0000, -0.8314, -1.0559
-110.0000, 150.0000, -0.8314, -1.0811
-100.0000, 150.0000, -0.8508, -0.9382
-90.0000, 150.0000, -0.9358, -0.9641
-80.0000, 150.0000, -0.9508, -1.0199
-70.0000, 150.0000, -0.9558, -1.0707
-60.0000, 150.0000, -1.0408, -1.1316
-50.0000, 150.0000, -1.1208, -1.2324
-40.0000, 150.0000, -1.0458, -1.3082
-30.0000, 150.0000, -1.0558, -1.3841
-20.0000, 150.0000, -1.0158, -1.4599
-10.0000, 150.0000, -0.9958, -1.5307
0.0000, 150.0000, -0.9858, -1.5916
10.0000, 150.0000, -1.0258, -1.6274
20.0000, 150.0000, -1.0558, -1.6832
30.0000, 150.0000, -1.0608, -1.7241
40.0000, 150.0000, -1.0108, -1.7749
50.0000, 150.0000, -1.1108, -1.8157
60.0000, 150.0000, -1.0508, -1.8616
70.0000, 150.0000, -1.0008, -2.0024
80.0000, 150.0000, -1.0558, -2.1332
90.0000, 150.0000, -1.1108, -2.1590
100.0000, 150.0000, -1.1708, -2.1549
110.0000, 150.0000, -1.1801, -2.2169
120.0000, 150.0000, -1.1501, -2.2734
130.0000, 150.0000, -1.1701, -2.3199
140.0000, 150.0000, -1.1601, -2.3464
150.0000, 150.0000, -1.2101, -2.4429
160.0000, 150.0000, -1.2101, -2.5394
170.0000, 150.0000, -1.2501, -2.6059
180.0000, 150.0000, -1.2901, -2.6824
190.0000, 150.0000, -1.3501, -2.7389
200.0000, 150.0000, -1.4001, -2.7954
210.0000, 150.0000, -1.4101, -2.9019
220.0000, 150.0000, -1.4501, -3.0084
230.0000, 150.0000, -1.5101, -3.0349
240.0000, 150.0000, -1.5701, -3.0114
250.0000, 150.0000, -1.6601, -3.0079
-250.0000, 160.0000, -0.3862, -0.1389
-240.0000, 160.0000, -0.4262, -0.2540
-230.0000, 160.0000, -0.4862, -0.3892
-220.0000, 160.0000, -0.5562, -0.4944
-210.0000, 160.0000, -0.6062, -0.5995
-200.0000, 160.0000, -0.6562, -0.6547
-190.0000, 160.0000, -0.6762, -0.7398
-180.0000, 160.0000, -0.7662, -0.8250
-170.0000, 160.0000, -0.7462, -0.9001
-160.0000, 160.0000, -0.6962, -0.9653
-150.0000, 160.0000, -0.7362, -1.0305
-140.0000, 160.0000, -0.7562, -1.1156
-130.0000, 160.0000, -0.7962, -1.1708
-120.0000, 160.0000, -0.8362, -1.1959
-110.0000, 160.0000, -0.8262, -1.2211
-100.0000, 160.0000, -0.9199, -1.0932
-90.0000, 160.0000, -0.9799, -1.1341
-80.0000, 160.0000, -0.9549, -1.1999
-70.0000, 160.0000, -0.9449, -1.1757
-60.0000, 160.0000, -0.9999, -1.2716
-50.0000, 160.0000, -1.0599, -1.3674
-40.0000, 160.0000, -0.9999, -1.4232
-30.0000, 160.0000, -1.0049, -1.5141
-20.0000, 160.0000, -0.9849, -1.5749
-10.0000, 160.0000, -0.9699, -1.6107
0.0000, 160.0000, -0.9449, -1.6816
10.0000, 160.0000, -0.9699, -1.7124
20.0000, 160.0000, -0.9899, -1.7232
30.0000, 160.0000, -1.0099, -1.7941
40.0000, 160.0000, -0.9899, -1.8699
50.0000, 160.0000, -1.0899, -1.9307
60.0000, 160.0000, -0.9999, -2.0316
70.0000, 160.0000, -0.9699, -2.1324
80.0000, 160.0000, -1.0299, -2.1782
90.0000, 160.0000, -1.0849, -2.2390
100.0000, 160.0000, -1.1499, -2.2799
110.0000, 160.0000, -1.1536, -2.1969
120.0000, 160.0000, -1.1136, -2.2634
130.0000, 160.0000, -1.0936, -2.2899
140.0000, 160.0000, -1.0836, -2.3564
150.0000, 160.0000, -1.1036, -2.4329
160.0000, 160.0000, -1.0936, -2.4994
170.0000, 160.0000, -1.1636, -2.5559
180.0000, 160.0000, -1.2636, -2.6324
190.0000, 160.0000, -1.3336, -2.6789
200.0000, 160.0000, -1.3536, -2.7554
210.0000, 160.0000, -1.3636, -2.8819
220.0000, 160.0000, -1.4336, -2.9684
230.0000, 160.0000, -1.4936, -2.9649
240.0000, 160.0000, -1.5536, -2.9414
250.0000, 160.0000, -1.6236, -2.9179
-250.0000, 170.0000, -0.3811, -0.1989
-240.0000, 170.0000, -0.4111, -0.3140
-230.0000, 170.0000, -0.4411, -0.4292
-220.0000, 170.0000, -0.5111, -0.5444
-210.0000, 170.0000, -0.5611, -0.6195
-200.0000, 170.0000, -0.6011, -0.6847
-190.0000, 170.0000, -0.6411, -0.7398
-180.0000, 170.0000, -0.7611, -0.7950
-170.0000, 170.0000, -0.7611, -0.8501
-160.0000, 170.0000, -0.7311, -0.8853
-150.0000, 170.0000, -0.7611, -0.9505
-140.0000, 170.0000, -0.7911, -1.0456
-130.0000, 170.0000, -0.8611, -1.1108
-120.0000, 170.0000, -0.9011, -1.0859
-110.0000, 170.0000, -0.8711, -1.1511
-100.0000, 170.0000, -0.9041, -1.1032
-90.0000, 170.0000, -0.9841, -1.0841
-80.0000, 170.0000, -0.9991, -1.1499
-70.0000, 170.0000, -0.9741, -1.1557
-60.0000, 170.0000, -1.0141, -1.2666
-50.0000, 170.0000, -1.0891, -1.3574
-40.0000, 170.0000, -1.0391, -1.4332
-30.0000, 170.0000, -1.0491, -1.4891
-20.0000, 170.0000, -1.0141, -1.5899
-10.0000, 170.0000, -1.0091, -1.6357
0.0000, 170.0000, -1.0141, -1.7166
10.0000, 170.0000, -1.0541, -1.7574
20.0000, 170.0000, -1.0891, -1.8182
30.0000, 170.0000, -1.0791, -1.8391
40.0000, 170.0000, -1.0441, -1.8149
50.0000, 170.0000, -1.1491, -1.8657
60.0000, 170.0000, -1.0791, -1.8766
70.0000, 170.0000, -1.0591, -1.9224
80.0000, 170.0000, -1.1641, -2.0282
90.0000, 170.0000, -1.2091, -2.1090
100.0000, 170.0000, -1.2491, -2.2149
110.0000, 170.0000, -1.3071, -2.1769
120.0000, 170.0000, -1.2871, -2.1834
130.0000, 170.0000, -1.2971, -2.2199
140.0000, 170.0000, -1.2571, -2.2764
150.0000, 170.0000, -1.2771, -2.3729
160.0000, 170.0000, -1.2071, -2.4494
170.0000, 170.0000, -1.2671, -2.5159
180.0000, 170.0000, -1.3371, -2.5824
190.0000, 170.0000, -1.3971, -2.6389
200.0000, 170.0000, -1.4771, -2.6754
210.0000, 170.0000, -1.4971, -2.8019
220.0000, 170.0000, -1.5171, -2.8884
230.0000, 170.0000, -1.5371, -2.9049
240.0000, 170.0000, -1.5671, -2.8714
250.0000, 170.0000, -1.6871, -2.8479
-250.0000, 180.0000, -0.5259, -0.3989
-240.0000, 180.0000, -0.5659, -0.4940
-230.0000, 180.0000, -0.5859, -0.5792
-220.0000, 180.0000, -0.6259, -0.6744
-210.0000, 180.0000, -0.6759, -0.7495
-200.0000, 180.0000, -0.7259, -0.8347
-190.0000, 180.0000, -0.7259, -0.8898
-180.0000, 180.0000, -0.8059, -0.9550
-170.0000, 180.0000, -0.8159, -1.0101
-160.0000, 180.0000, -0.7859, -1.0753
-150.0000, 180.0000, -0.7959, -1.1405
-140.0000, 180.0000, -0.8159, -1.2256
-130.0000, 180.0000, -0.8559, -1.2608
-120.0000, 180.0000, -0.8859, -1.3059
-110.0000, 180.0000, -0.8659, -1.3311
-100.0000, 180.0000, -0.9133, -1.1832
-90.0000, 180.0000, -1.0033, -1.2091
-80.0000, 180.0000, -1.0033, -1.2299
-70.0000, 180.0000, -0.9683, -1.2257
-60.0000, 180.0000, -1.0083, -1.3016
-50.0000, 180.0000, -1.0933, -1.3774
-40.0000, 180.0000, -1.0583, -1.4932
-30.0000, 180.0000, -1.0733, -1.6141
-20.0000, 180.0000, -1.0333, -1.6399
-10.0000, 180.0000, -1.0133, -1.6507
0.0000, 180.0000, -1.0183, -1.7616
10.0000, 180.0000, -1.0283, -1.7574
20.0000, 180.0000, -1.0583, -1.8032
30.0000, 180.0000, -1.0983, -1.8241
40.0000, 180.0000, -1.0833, -1.8599
50.0000, 180.0000, -1.1983, -1.8857
60.0000, 180.0000, -1.1183, -1.9566
70.0000, 180.0000, -1.1033, -2.0374
80.0000, 180.0000, -1.1933, -2.1132
90.0000, 180.0000, -1.2383, -2.1090
100.0000, 180.0000, -1.2883, -2.1949
110.0000, 180.0000, -1.3306, -2.1469
120.0000, 180.0000, -1.3206, -2.1934
130.0000, 180.0000, -1.3506, -2.2099
140.0000, 180.0000, -1.3406, -2.2564
150.0000, 180.0000, -1.3406, -2.3329
160.0000, 180.0000, -1.3406, -2.3994
170.0000, 180.0000, -1.3806, -2.4459
180.0000, 180.0000, -1.4406, -2.5224
190.0000, 180.0000, -1.4706, -2.5789
200.0000, 180.0000, -1.5206, -2.6054
210.0000, 180.0000, -1.5606, -2.7019
220.0000, 180.0000, -1.6006, -2.7784
230.0000, 180.0000, -1.6106, -2.7949
240.0000, 180.0000, -1.6306, -2.7914
250.0000, 180.0000, -1.7206, -2.7679
-250.0000, 190.0000, -0.5608, -0.4289
-240.0000, 190.0000, -0.6308, -0.5240
-230.0000, 190.0000, -0.6308, -0.6592
-220.0000, 190.0000, -0.6808, -0.7844
-210.0000, 190.0000, -0.7008, -0.8595
-200.0000, 190.0000, -0.7408, -0.9147
-190.0000, 190.0000, -0.7608, -0.9598
-180.0000, 190.0000, -0.8208, -1.0450
-170.0000, 190.0000, -0.8608, -1.1201
-160.0000, 190.0000, -0.8608, -1.1753
-150.0000, 190.0000, -0.8908, -1.2105
-140.0000, 190.0000, -0.9108, -1.2856
-130.0000, 190.0000, -0.9708, -1.3208
-120.0000, 190.0000, -1.0108, -1.3459
-110.0000, 190.0000, -0.9708, -1.3811
-100.0000, 190.0000, -0.9824, -1.1932
-90.0000, 190.0000, -1.0624, -1.2441
-80.0000, 190.0000, -1.0574, -1.2999
-70.0000, 190.0000, -1.0424, -1.3607
-60.0000, 190.0000, -1.0524, -1.3866
-50.0000, 190.0000, -1.1474, -1.4324
-40.0000, 190.0000, -1.0874, -1.4682
-30.0000, 190.0000, -1.1074, -1.5391
-20.0000, 190.0000, -1.0824, -1.5399
-10.0000, 190.0000, -1.0524, -1.5957
0.0000, 190.0000, -1.0524, -1.6616
10.0000, 190.0000, -1.0824, -1.7074
20.0000, 190.0000, -1.1274, -1.7282
30.0000, 190.0000, -1.1474, -1.7691
40.0000, 190.0000, -1.1024, -1.8449
50.0000, 190.0000, -1.2074, -1.8557
60.0000, 190.0000, -1.1274, -1.8966
70.0000, 190.0000, -1.1224, -1.9474
80.0000, 190.0000, -1.2074, -2.0132
90.0000, 190.0000, -1.2524, -2.0390
100.0000, 190.0000, -1.3074, -2.0949
110.0000, 190.0000, -1.2941, -2.0569
120.0000, 190.0000, -1.2741, -2.0634
130.0000, 190.0000, -1.2741, -2.0999
140.0000, 190.0000, -1.2741, -2.1264
150.0000, 190.0000, -1.3241, -2.1929
160.0000, 190.0000, -1.3441, -2.2794
170.0000, 190.0000, -1.3641, -2.3259
180.0000, 190.0000, -1.4141, -2.4224
190.0000, 190.0000, -1.4241, -2.4689
200.0000, 190.0000, -1.4641, -2.5054
210.0000, 190.0000, -1.5041, -2.6119
220.0000, 190.0000, -1.5341, -2.6984
230.0000, 190.0000, -1.5541, -2.6949
240.0000, 190.0000, -1.6041, -2.6514
250.0000, 190.0000, -1.6841, -2.6379
-250.0000, 200.0000, -0.6056, -0.5689
-240.0000, 200.0000, -0.6756, -0.6640
-230.0000, 200.0000, -0.7956, -0.7492
-220.0000, 200.0000, -0.8456, -0.8444
-210.0000, 200.0000, -0.8456, -0.9395
-200.0000, 200.0000, -0.8556, -1.0147
-190.0000, 200.0000, -0.8156, -1.0698
-180.0000, 200.0000, -0.8856, -1.1250
-170.0000, 200.0000, -0.9356, -1.2001
-160.0000, 200.0000, -0.9056, -1.2653
-150.0000, 200.0000, -0.9256, -1.3305
-140.0000, 200.0000, -0.9456, -1.4056
-130.0000, 200.0000, -0.9856, -1.4508
-120.0000, 200.0000, -1.0356, -1.4659
-110.0000, 200.0000, -1.0156, -1.4611
-100.0000, 200.0000, -1.0816, -1.2232
-90.0000, 200.0000, -1.1566, -1.2491
-80.0000, 200.0000, -1.1316, -1.2699
-70.0000, 200.0000, -1.1016, -1.3257
-60.0000, 200.0000, -1.1166, -1.3516
-50.0000, 200.0000, -1.1716, -1.3974
-40.0000, 200.0000, -1.1116, -1.4682
-30.0000, 200.0000, -1.1216, -1.5491
-20.0000, 200.0000, -1.1116, -1.6399
-10.0000, 200.0000, -1.0866, -1.6907
0.0000, 200.0000, -1.1016, -1.7666
10.0000, 200.0000, -1.1466, -1.7874
20.0000, 200.0000, -1.1816, -1.7982
30.0000, 200.0000, -1.2166, -1.8341
40.0000, 200.0000, -1.1916, -1.8999
50.0000, 200.0000, -1.2816, -1.9157
60.0000, 200.0000, -1.1916, -1.9316
70.0000, 200.0000, -1.1516, -1.9974
80.0000, 200.0000, -1.2266, -2.0832
90.0000, 200.0000, -1.2716, -2.1690
100.0000, 200.0000, -1.3516, -2.1899
110.0000, 200.0000, -1.4376, -2.0969
120.0000, 200.0000, -1.4076, -2.1434
130.0000, 200.0000, -1.4076, -2.1399
140.0000, 200.0000, -1.3776, -2.1564
150.0000, 200.0000, -1.4476, -2.2229
160.0000, 200.0000, -1.4476, -2.2594
170.0000, 200.0000, -1.4576, -2.3259
180.0000, 200.0000, -1.4776, -2.3924
190.0000, 200.0000, -1.4976, -2.4289
200.0000, 200.0000, -1.5476, -2.4854
210.0000, 200.0000, -1.5876, -2.5719
220.0000, 200.0000, -1.6376, -2.6584
230.0000, 200.0000, -1.6676, -2.6549
240.0000, 200.0000, -1.6876, -2.6114
250.0000, 200.0000, -1.7676, -2.5779
-250.0000, 210.0000, -0.6604, -0.6189
-240.0000, 210.0000, -0.7204, -0.7240
-230.0000, 210.0000, -0.7704, -0.7892
-220.0000, 210.0000, -0.8404, -0.8944
-210.0000, 210.0000, -0.8504, -0.9995
-200.0000, 210.0000, -0.8804, -1.0747
-190.0000, 210.0000, -0.8704, -1.1398
-180.0000, 210.0000, -0.9604, -1.1850
-170.0000, 210.0000, -0.9904, -1.2301
-160.0000, 210.0000, -0.9604, -1.2853
-150.0000, 210.0000, -0.9804, -1.3305
-140.0000, 210.0000, -1.0104, -1.3756
-130.0000, 210.0000, -1.0704, -1.4208
-120.0000, 210.0000, -1.0904, -1.4659
-110.0000, 210.0000, -1.0504, -1.4811
-100.0000, 210.0000, -1.0158, -1.3582
-90.0000, 210.0000, -1.0908, -1.3441
-80.0000, 210.0000, -1.0808, -1.3699
-70.0000, 210.0000, -1.0458, -1.3607
-60.0000, 210.0000, -1.0858, -1.4116
-50.0000, 210.0000, -1.1758, -1.4574
-40.0000, 210.0000, -1.1258, -1.4932
-30.0000, 210.0000, -1.1558, -1.5891
-20.0000, 210.0000, -1.1158, -1.6449
-10.0000, 210.0000, -1.1108, -1.7107
0.0000, 210.0000, -1.1208, -1.7416
10.0000, 210.0000, -1.1558, -1.7874
20.0000, 210.0000, -1.1908, -1.7682
30.0000, 210.0000, -1.2208, -1.7991
40.0000, 210.0000, -1.2108, -1.8349
50.0000, 210.0000, -1.2908, -1.8707
60.0000, 210.0000, -1.2058, -1.9516
70.0000, 210.0000, -1.1908, -2.0224
80.0000, 210.0000, -1.2558, -2.0632
90.0000, 210.0000, -1.2758, -2.0940
100.0000, 210.0000, -1.3408, -2.1649
110.0000, 210.0000, -1.3411, -2.0669
120.0000, 210.0000, -1.3111, -2.0534
130.0000, 210.0000, -1.2911, -2.0899
140.0000, 210.0000, -1.2811, -2.1164
150.0000, 210.0000, -1.3411, -2.1829
160.0000, 210.0000, -1.3711, -2.2494
170.0000, 210.0000, -1.4011, -2.2959
180.0000, 210.0000, -1.4211, -2.3524
190.0000, 210.0000, -1.4511, -2.4089
200.0000, 210.0000, -1.5111, -2.4554
210.0000, 210.0000, -1.5811, -2.5619
220.0000, 210.0000, -1.6411, -2.6484
230.0000, 210.0000, -1.6611, -2.6449
240.0000, 210.0000, -1.6911, -2.6114
250.0000, 210.0000, -1.8111, -2.5679
-250.0000, 220.0000, -0.6653, -0.5789
-240.0000, 220.0000, -0.7453, -0.7040
-230.0000, 220.0000, -0.7753, -0.8192
-220.0000, 220.0000, -0.8153, -0.9244
-210.0000, 220.0000, -0.8253, -0.9995
-200.0000, 220.0000, -0.8753, -1.0347
-190.0000, 220.0000, -0.8753, -1.0698
-180.0000, 220.0000, -0.9753, -1.1250
-170.0000, 220.0000, -0.9853, -1.2001
-160.0000, 220.0000, -0.9453, -1.3053
-150.0000, 220.0000, -0.9653, -1.3605
-140.0000, 220.0000, -1.0153, -1.4356
-130.0000, 220.0000, -1.0853, -1.4808
-120.0000, 220.0000, -1.1053, -1.4859
-110.0000, 220.0000, -1.0553, -1.4711
-100.0000, 220.0000, -1.0849, -1.2432
-90.0000, 220.0000, -1.1349, -1.2091
-80.0000, 220.0000, -1.1299, -1.2499
-70.0000, 220.0000, -1.0899, -1.2807
-60.0000, 220.0000, -1.0999, -1.3866
-50.0000, 220.0000, -1.1999, -1.4224
-40.0000, 220.0000, -1.1449, -1.4882
-30.0000, 220.0000, -1.1499, -1.5491
-20.0000, 220.0000, -1.1249, -1.6199
-10.0000, 220.0000, -1.0899, -1.6707
0.0000, 220.0000, -1.0949, -1.7016
10.0000, 220.0000, -1.1399, -1.7424
20.0000, 220.0000, -1.1899, -1.7482
30.0000, 220.0000, -1.2149, -1.7741
40.0000, 220.0000, -1.1899, -1.8299
50.0000, 220.0000, -1.3099, -1.8557
60.0000, 220.0000, -1.2149, -1.9116
70.0000, 220.0000, -1.1949, -1.9924
80.0000, 220.0000, -1.2749, -2.0582
90.0000, 220.0000, -1.3049, -2.0940
100.0000, 220.0000, -1.3699, -2.1099
110.0000, 220.0000, -1.4046, -1.9069
120.0000, 220.0000, -1.3746, -1.9534
130.0000, 220.0000, -1.3846, -1.9799
140.0000, 220.0000, -1.3646, -1.9864
150.0000, 220.0000, -1.4046, -2.0429
160.0000, 220.0000, -1.4246, -2.0994
170.0000, 220.0000, -1.4646, -2.1559
180.0000, 220.0000, -1.4846, -2.2124
190.0000, 220.0000, -1.5046, -2.2589
200.0000, 220.0000, -1.5346, -2.3054
210.0000, 220.0000, -1.5846, -2.3919
220.0000, 220.0000, -1.6346, -2.4684
230.0000, 220.0000, -1.6446, -2.4749
240.0000, 220.0000, -1.6646, -2.4414
250.0000, 220.0000, -1.7746, -2.4179
-250.0000, 230.0000, -0.7201, -0.6489
-240.0000, 230.0000, -0.7701, -0.7440
-230.0000, 230.0000, -0.8101, -0.8292
-220.0000, 230.0000, -0.8601, -0.9344
-210.0000, 230.0000, -0.8901, -1.0395
-200.0000, 230.0000, -0.9501, -1.1047
-190.0000, 230.0000, -0.9501, -1.1198
-180.0000, 230.0000, -1.0001, -1.1550
-170.0000, 230.0000, -1.0101, -1.1901
-160.0000, 230.0000, -0.9901, -1.2553
-150.0000, 230.0000, -1.0001, -1.2805
-140.0000, 230.0000, -1.0201, -1.3356
-130.0000, 230.0000, -1.0701, -1.3908
-120.0000, 230.0000, -1.1001, -1.4359
-110.0000, 230.0000, -1.0701, -1.3911
-100.0000, 230.0000, -1.0791, -1.2732
-90.0000, 230.0000, -1.1541, -1.2541
-80.0000, 230.0000, -1.1441, -1.2999
-70.0000, 230.0000, -1.1191, -1.3357
-60.0000, 230.0000, -1.1791, -1.4016
-50.0000, 230.0000, -1.2591, -1.4374
-40.0000, 230.0000, -1.1691, -1.4882
-30.0000, 230.0000, -1.1991, -1.5491
-20.0000, 230.0000, -1.1741, -1.6299
-10.0000, 230.0000, -1.1491, -1.6157
0.0000, 230.0000, -1.1741, -1.6916
10.0000, 230.0000, -1.2141, -1.7324
20.0000, 230.0000, -1.2391, -1.7632
30.0000, 230.0000, -1.2741, -1.7791
40.0000, 230.0000, -1.2591, -1.7899
50.0000, 230.0000, -1.3691, -1.8257
60.0000, 230.0000, -1.2741, -1.9166
70.0000, 230.0000, -1.2341, -1.9724
80.0000, 230.0000, -1.3241, -2.0382
90.0000, 230.0000, -1.3841, -2.0540
100.0000, 230.0000, -1.4491, -2.0699
110.0000, 230.0000, -1.4581, -1.9669
120.0000, 230.0000, -1.4281, -2.0334
130.0000, 230.0000, -1.4081, -2.0399
140.0000, 230.0000, -1.3881, -2.0464
150.0000, 230.0000, -1.4781, -2.0929
160.0000, 230.0000, -1.5281, -2.1094
170.0000, 230.0000, -1.5181, -2.1759
180.0000, 230.0000, -1.5481, -2.2324
190.0000, 230.0000, -1.5481, -2.2789
200.0000, 230.0000, -1.5581, -2.3254
210.0000, 230.0000, -1.5981, -2.4019
220.0000, 230.0000, -1.6281, -2.4784
230.0000, 230.0000, -1.7081, -2.4849
240.0000, 230.0000, -1.7081, -2.4514
250.0000, 230.0000, -1.8281, -2.4079
-250.0000, 240.0000, -0.6950, -0.7789
-240.0000, 240.0000, -0.7850, -0.8540
-230.0000, 240.0000, -0.8050, -0.9392
-220.0000, 240.0000, -0.8750, -1.0544
-210.0000, 240.0000, -0.9150, -1.1295
-200.0000, 240.0000, -0.9650, -1.2047
-190.0000, 240.0000, -0.9750, -1.2398
-180.0000, 240.0000, -1.0850, -1.2950
-170.0000, 240.0000, -1.0950, -1.3501
-160.0000, 240.0000, -1.0550, -1.3953
-150.0000, 240.0000, -1.0650, -1.4405
-140.0000, 240.0000, -1.0750, -1.4856
-130.0000, 240.0000, -1.1150, -1.5508
-120.0000, 240.0000, -1.1350, -1.6159
-110.0000, 240.0000, -1.1150, -1.6111
-100.0000, 240.0000, -1.1383, -1.2732
-90.0000, 240.0000, -1.1783, -1.3041
-80.0000, 240.0000, -1.1533, -1.3549
-70.0000, 240.0000, -1.1233, -1.3357
-60.0000, 240.0000, -1.1783, -1.3816
-50.0000, 240.0000, -1.2433, -1.4024
-40.0000, 240.0000, -1.1633, -1.4532
-30.0000, 240.0000, -1.1883, -1.4991
-20.0000, 240.0000, -1.1583, -1.5899
-10.0000, 240.0000, -1.1433, -1.6657
0.0000, 240.0000, -1.1483, -1.7366
10.0000, 240.0000, -1.1933, -1.8074
20.0000, 240.0000, -1.2283, -1.8132
30.0000, 240.0000, -1.2683, -1.8391
40.0000, 240.0000, -1.2483, -1.8349
50.0000, 240.0000, -1.3683, -1.8657
60.0000, 240.0000, -1.2783, -1.8966
70.0000, 240.0000, -1.2483, -1.9474
80.0000, 240.0000, -1.3283, -2.0132
90.0000, 240.0000, -1.3983, -2.0190
100.0000, 240.0000, -1.4433, -2.0149
110.0000, 240.0000, -1.4416, -1.9269
120.0000, 240.0000, -1.4116, -1.9734
130.0000, 240.0000, -1.4316, -1.9999
140.0000, 240.0000, -1.4316, -2.0364
150.0000, 240.0000, -1.4616, -2.0429
160.0000, 240.0000, -1.4616, -2.0894
170.0000, 240.0000, -1.5016, -2.1359
180.0000, 240.0000, -1.5316, -2.1924
190.0000, 240.0000, -1.5616, -2.2389
200.0000, 240.0000, -1.5916, -2.2854
210.0000, 240.0000, -1.6416, -2.3619
220.0000, 240.0000, -1.6616, -2.4384
230.0000, 240.0000, -1.7016, -2.4349
240.0000, 240.0000, -1.7316, -2.4014
250.0000, 240.0000, -1.8216, -2.3679
-250.0000, 250.0000, -0.7598, -0.8189
-240.0000, 250.0000, -0.7798, -0.8940
-230.0000, 250.0000, -0.8198, -0.9892
-220.0000, 250.0000, -0.8598, -1.1244
-210.0000, 250.0000, -0.8898, -1.1895
-200.0000, 250.0000, -0.9498, -1.2347
-190.0000, 250.0000, -0.9398, -1.2898
-180.0000, 250.0000, -0.9998, -1.3550
-170.0000, 250.0000, -1.0298, -1.3901
-160.0000, 250.0000, -1.0398, -1.4353
-150.0000, 250.0000, -1.0398, -1.4905
-140.0000, 250.0000, -1.0298, -1.5656
-130.0000, 250.0000, -1.0698, -1.6408
-120.0000, 250.0000, -1.1198, -1.6559
-110.0000, 250.0000, -1.1298, -1.6711
-100.0000, 250.0000, -1.0724, -1.4082
-90.0000, 250.0000, -1.1424, -1.3741
-80.0000, 250.0000, -1.1424, -1.4049
-70.0000, 250.0000, -1.1124, -1.4407
-60.0000, 250.0000, -1.1974, -1.5016
-50.0000, 250.0000, -1.2474, -1.5674
-40.0000, 250.0000, -1.1574, -1.6132
-30.0000, 250.0000, -1.1774, -1.6691
-20.0000, 250.0000, -1.1674, -1.7199
-10.0000, 250.0000, -1.1724, -1.7607
0.0000, 250.0000, -1.2074, -1.7866
10.0000, 250.0000, -1.2524, -1.8024
20.0000, 250.0000, -1.2774, -1.8232
30.0000, 250.0000, -1.3074, -1.8141
40.0000, 250.0000, -1.2924, -1.8649
50.0000, 250.0000, -1.3774, -1.9007
60.0000, 250.0000, -1.2674, -1.9216
70.0000, 250.0000, -1.2424, -1.9824
80.0000, 250.0000, -1.3224, -2.0382
90.0000, 250.0000, -1.3674, -2.0540
100.0000, 250.0000, -1.4274, -2.0999
110.0000, 250.0000, -1.4551, -1.9369
120.0000, 250.0000, -1.4151, -1.9934
130.0000, 250.0000, -1.4751, -1.9999
140.0000, 250.0000, -1.4851, -1.9964
150.0000, 250.0000, -1.5251, -2.0629
160.0000, 250.0000, -1.5051, -2.1094
170.0000, 250.0000, -1.5351, -2.1459
180.0000, 250.0000, -1.5951, -2.2124
190.0000, 250.0000, -1.6451, -2.2689
200.0000, 250.0000, -1.6851, -2.2954
210.0000, 250.0000, -1.6851, -2.3619
220.0000, 250.0000, -1.7051, -2.4184
230.0000, 250.0000, -1.7151, -2.4149
240.0000, 250.0000, -1.7451, -2.3814
250.0000, 250.0000, -1.8351, -2.3779
